 0.00, 0.00,  0.00 
 0.00, 0.00,  0.00 
 0.00, 0.00,  0.00 
 0.00, 0.00,  0.00 
 0.00, 0.00,  0.00 
 0.00, 0.00,  0.00 
 0.00, 0.00,  0.00 
 0.00, 0.00,  0.00 
 0.00, 0.00,  0.00 
 0.00, 0.00,  0.00 
 0.00, 0.00,  0.00 
 0.00, 0.00,  0.00 
 0.00, 0.00,  0.00 
 0.00, 0.00,  0.00 
 0.00, 0.00,  0.00 
 0.00, 0.00,  0.00 
 0.00, 0.00,  0.00 
 0.00, 0.00,  0.00 
 0.00, 0.00,  0.00 
 0.00, 0.00,  0.00 
 0.00, 0.00,  0.00 
 0.00, 0.00,  0.00 
 0.00, 0.00,  0.00 
 0.00, 0.00,  0.00 
 0.00, 0.00,  0.00 
 0.00, 0.00,  0.00 
 0.00, 0.00,  0.00 
 0.00, 0.00,  0.00 
 0.00, 0.00,  0.00 
 0.00, 0.00,  0.00 
 0.00, 0.00,  0.00 
 0.00, 0.00,  0.00 
 0.00, 0.00,  0.00 
 0.00, 0.00,  0.00 
 0.00, 0.00,  0.00 
 0.00, 0.00,  0.00 
 0.00, 0.00,  0.00 
 0.00, 0.00,  0.00 
 0.00, 0.00,  0.00 
 0.00, 0.00,  0.00 
 0.00, 0.00,  0.00 
 0.00, 0.00,  0.00 
 0.00, 0.00,  0.00 
 0.00, 0.00,  0.00 
 0.00, 0.00,  0.00 
 0.00, 0.00,  0.00 
 0.00, 0.00,  0.00 
 0.00, 0.00,  0.00 
 0.00, 0.00,  0.00 
 0.00, 0.00,  0.00 
 0.00, 0.00,  0.00 
 0.00, 0.00,  0.00 
 0.00, 0.00,  0.00 
 0.00, 0.00,  0.00 
 0.00, 0.00,  0.00 
 0.00, 0.00,  0.00 
 0.00, 0.00,  0.00 
 0.00, 0.00,  0.00 
 0.00, 0.00,  0.00 
 0.00, 0.00,  0.00 
 0.00, 0.00,  0.00 
 0.00, 0.00,  0.00 
 0.00, 0.00,  0.00 
 0.00, 0.00,  0.00 
 0.00, 0.00,  0.00 
 0.00, 0.00,  0.00 
 0.00, 0.00,  0.00 
 0.00, 0.00,  0.00 
 0.00, 0.00,  0.00 
 0.00, 0.00,  0.00 
 0.00, 0.00,  0.00 
 0.00, 0.00,  0.00 
 0.00, 0.00,  0.00 
 0.00, 0.00,  0.00 
 0.00, 0.00,  0.00 
 0.00, 0.00,  0.00 
 0.00, 0.00,  0.00 
 0.00, 0.00,  0.00 
 0.00, 0.00,  0.00 
 0.00, 0.00,  0.00 
 0.00, 0.00,  0.00 
 0.00, 0.00,  0.00 
 0.00, 0.00,  0.00 
 0.00, 0.00,  0.00 
 0.00, 0.00,  0.00 
 0.00, 0.00,  0.00 
 0.00, 0.00,  0.00 
 0.00, 0.00,  0.00 
 0.00, 0.00,  0.00 
 0.00, 0.00,  0.00 
 0.00, 0.00,  0.00 
 0.00, 0.00,  0.00 
 0.00, 0.00,  0.00 
 0.00, 0.00,  0.00 
 0.00, 0.00,  0.00 
 0.00, 0.00,  0.00 
 0.00, 0.00,  0.00 
 0.00, 0.00,  0.00 
 0.00, 0.00,  0.00 
 0.00, 0.00,  0.00 
 0.00, 0.00,  0.00 
 0.00, 0.00,  0.00 
 0.00, 0.00,  0.00 
 0.00, 0.00,  0.00 
 0.00, 0.00,  0.00 
 0.00, 0.00,  0.00 
 0.00, 0.00,  0.00 
 0.00, 0.00,  0.00 
 0.00, 0.00,  0.00 
 0.00, 0.00,  0.00 
 0.00, 0.00,  0.00 
 0.00, 0.00,  0.00 
 0.00, 0.00,  0.00 
 0.00, 0.00,  0.00 
 0.00, 0.00,  0.00 
 0.00, 0.00,  0.00 
 0.00, 0.00,  0.00 
 0.00, 0.00,  0.00 
 0.00, 0.00,  0.00 
 0.00, 0.00,  0.00 
 0.00, 0.00,  0.00 
 0.00, 0.00,  0.00 
 0.00, 0.00,  0.00 
 0.00, 0.00,  0.00 
 0.00, 0.00,  0.00 
 0.00, 0.00,  0.00 
 0.00, 0.00,  0.00 
 0.00, 0.00,  0.00 
 0.00, 0.00,  0.00 
 0.00, 0.00,  0.00 
 0.00, 0.00,  0.00 
 0.00, 0.00,  0.00 
 0.00, 0.00,  0.00 
 0.00, 0.00,  0.00 
 -0.00, 6.52,  -0.00 
 -0.01, 13.51,  -0.00 
 -0.01, 18.90,  -0.00 
 -0.01, 22.42,  -0.01 
 -0.01, 24.44,  -0.01 
 -0.01, 25.47,  -0.01 
 -0.01, 25.89,  -0.01 
 -0.00, 26.01,  -0.01 
 -0.00, 25.98,  -0.01 
 -0.00, 25.89,  -0.01 
 0.00, 25.80,  -0.01 
 0.00, 25.72,  -0.01 
 0.00, 25.64,  -0.01 
 0.00, 25.58,  -0.01 
 0.00, 25.53,  -0.01 
 0.00, 25.49,  -0.01 
 0.00, 25.45,  -0.01 
 0.00, 25.42,  -0.01 
 0.00, 25.39,  -0.01 
 0.00, 25.36,  -0.01 
 0.00, 25.33,  -0.01 
 0.00, 25.31,  -0.01 
 0.00, 25.29,  -0.01 
 0.00, 25.27,  -0.01 
 0.00, 25.25,  -0.01 
 0.00, 25.23,  -0.01 
 0.00, 25.21,  -0.01 
 0.00, 25.20,  -0.01 
 0.00, 25.18,  -0.01 
 0.00, 25.17,  -0.01 
 0.00, 25.16,  -0.01 
 0.00, 25.15,  -0.01 
 0.00, 25.14,  -0.01 
 0.00, 25.13,  -0.01 
 0.00, 25.12,  -0.01 
 0.00, 25.11,  -0.01 
 0.00, 25.10,  -0.01 
 0.00, 25.10,  -0.01 
 0.00, 25.09,  -0.01 
 0.00, 25.08,  -0.01 
 0.00, 25.08,  -0.01 
 0.00, 25.07,  -0.01 
 0.00, 25.07,  -0.01 
 0.00, 25.06,  -0.01 
 0.00, 25.06,  -0.01 
 0.00, 25.06,  -0.01 
 0.00, 25.05,  -0.01 
 0.00, 25.05,  -0.01 
 0.00, 25.05,  -0.01 
 0.00, 25.04,  -0.01 
 0.00, 25.04,  -0.01 
 0.00, 25.04,  -0.01 
 0.00, 25.04,  -0.01 
 0.00, 25.03,  -0.01 
 0.00, 25.03,  -0.01 
 0.00, 25.03,  -0.01 
 0.00, 25.03,  -0.01 
 0.00, 25.03,  -0.01 
 0.00, 25.03,  -0.01 
 0.00, 25.03,  -0.01 
 0.00, 25.02,  -0.01 
 0.00, 25.02,  -0.01 
 0.00, 25.02,  -0.01 
 0.00, 25.02,  -0.01 
 0.00, 25.02,  -0.01 
 0.00, 25.02,  -0.01 
 0.00, 25.02,  -0.01 
 0.00, 25.02,  -0.01 
 0.00, 25.02,  -0.01 
 0.00, 25.02,  -0.01 
 0.00, 25.02,  -0.01 
 0.00, 25.02,  -0.01 
 0.00, 25.02,  -0.01 
 0.00, 25.02,  -0.01 
 0.00, 25.02,  -0.01 
 0.00, 25.02,  -0.01 
 0.00, 25.02,  -0.01 
 0.00, 25.01,  -0.01 
 -0.00, 25.01,  -0.01 
 -0.00, 25.01,  -0.01 
 -0.00, 25.01,  -0.01 
 -0.00, 25.01,  -0.01 
 -0.00, 25.01,  -0.01 
 -0.00, 25.01,  -0.01 
 -0.00, 25.01,  -0.01 
 -0.00, 25.01,  -0.01 
 -0.00, 25.01,  -0.01 
 -0.00, 25.01,  -0.01 
 -0.00, 25.01,  -0.01 
 -0.00, 25.01,  -0.01 
 -0.00, 25.01,  -0.01 
 -0.00, 25.01,  -0.01 
 -0.00, 25.01,  -0.01 
 -0.00, 25.01,  -0.01 
 -0.00, 25.01,  -0.01 
 -0.00, 25.01,  -0.01 
 -0.00, 25.01,  -0.01 
 -0.00, 25.01,  -0.01 
 -0.00, 25.01,  -0.01 
 -0.00, 25.01,  -0.01 
 -0.00, 25.01,  -0.01 
 -0.00, 25.01,  -0.01 
 -0.00, 25.01,  -0.01 
 -0.00, 25.01,  -0.01 
 -0.00, 25.01,  -0.01 
 -0.00, 25.01,  -0.01 
 -0.00, 25.01,  -0.01 
 -0.00, 25.01,  -0.01 
 -0.00, 25.01,  -0.01 
 -0.00, 25.01,  -0.01 
 -0.00, 25.01,  -0.01 
 -0.00, 25.01,  -0.01 
 -0.00, 25.01,  -0.01 
 -0.00, 25.01,  -0.01 
 -0.00, 25.01,  -0.01 
 -0.00, 25.01,  -0.01 
 -0.00, 25.01,  -0.01 
 -0.00, 25.01,  -0.01 
 -0.00, 25.01,  -0.01 
 -0.00, 25.01,  -0.01 
 -0.00, 25.01,  -0.01 
 -0.00, 25.01,  -0.01 
 -0.00, 25.01,  -0.01 
 -0.00, 25.01,  -0.01 
 -0.00, 25.01,  -0.01 
 -0.00, 25.01,  -0.01 
 -0.00, 25.01,  -0.01 
 -0.00, 25.01,  -0.01 
 -0.00, 25.01,  -0.01 
 -0.00, 25.01,  -0.01 
 -0.00, 25.01,  -0.01 
 -0.00, 25.01,  -0.01 
 -0.00, 25.01,  -0.01 
 0.00, 18.49,  -0.00 
 0.01, 11.50,  -0.00 
 0.01, 6.11,  -0.00 
 0.01, 2.59,  -0.00 
 0.01, 0.57,  -0.00 
 0.01, -0.45,  0.00 
 0.01, -0.88,  0.00 
 0.00, -0.99,  0.00 
 0.00, -0.96,  0.00 
 0.00, -0.88,  0.00 
 -0.00, -0.79,  0.00 
 -0.00, -0.70,  0.00 
 -0.00, -0.63,  0.00 
 -0.00, -0.57,  0.00 
 -0.00, -0.52,  0.00 
 -0.00, -0.48,  0.00 
 -0.00, -0.44,  0.00 
 -0.00, -0.41,  0.00 
 -0.00, -0.38,  0.00 
 -0.00, -0.35,  0.00 
 -0.00, -0.32,  0.00 
 -0.00, -0.30,  0.00 
 -0.00, -0.28,  0.00 
 -0.00, -0.25,  0.00 
 -0.00, -0.23,  0.00 
 -0.00, -0.22,  0.00 
 -0.00, -0.20,  0.00 
 -0.00, -0.19,  0.00 
 -0.00, -0.17,  0.00 
 -0.00, -0.16,  0.00 
 -0.00, -0.15,  0.00 
 -0.00, -0.13,  0.00 
 -0.00, -0.12,  0.00 
 -0.00, -0.12,  0.00 
 -0.00, -0.11,  0.00 
 -0.00, -0.10,  0.00 
 -0.00, -0.09,  0.00 
 -0.00, -0.08,  0.00 
 -0.00, -0.08,  0.00 
 -0.00, -0.07,  0.00 
 -0.00, -0.07,  0.00 
 -0.00, -0.06,  0.00 
 -0.00, -0.06,  0.00 
 -0.00, -0.05,  0.00 
 -0.00, -0.05,  0.00 
 -0.00, -0.04,  0.00 
 -0.00, -0.04,  0.00 
 -0.00, -0.04,  0.00 
 -0.00, -0.04,  0.00 
 -0.00, -0.03,  0.00 
 -0.00, -0.03,  0.00 
 -0.00, -0.03,  0.00 
 -0.00, -0.03,  0.00 
 -0.00, -0.02,  0.00 
 -0.00, -0.02,  0.00 
 -0.00, -0.02,  0.00 
 -0.00, -0.02,  0.00 
 -0.00, -0.02,  0.00 
 -0.00, -0.02,  0.00 
 -0.00, -0.01,  0.00 
 -0.00, -0.01,  0.00 
 -0.00, -0.01,  0.00 
 -0.00, -0.01,  0.00 
 -0.00, -0.01,  0.00 
 -0.00, -0.01,  0.00 
 -0.00, -0.01,  0.00 
 -0.00, -0.01,  0.00 
 -0.00, -0.01,  0.00 
 -0.00, -0.01,  0.00 
 -0.00, -0.01,  0.00 
 -0.00, -0.01,  0.00 
 -0.00, -0.01,  0.00 
 -0.00, -0.01,  0.00 
 -0.00, -0.01,  0.00 
 -0.00, -0.00,  0.00 
 -0.00, -0.00,  0.00 
 -0.00, -0.00,  0.00 
 -0.00, -0.00,  0.00 
 0.00, -0.00,  0.00 
 0.00, -0.00,  0.00 
 0.00, -0.00,  0.00 
 0.00, -0.00,  0.00 
 0.00, -0.00,  0.00 
 0.00, -0.00,  0.00 
 0.00, -0.00,  0.00 
 0.00, -0.00,  0.00 
 0.00, -0.00,  0.00 
 0.00, -0.00,  0.00 
 0.00, -0.00,  0.00 
 0.00, -0.00,  0.00 
 0.00, -0.00,  0.00 
 0.00, -0.00,  0.00 
 0.00, -0.00,  0.00 
 0.00, -0.00,  0.00 
 0.00, -0.00,  0.00 
 0.00, -0.00,  0.00 
 0.00, -0.00,  0.00 
 0.00, -0.00,  0.00 
 0.00, -0.00,  0.00 
 0.00, -0.00,  0.00 
 0.00, -0.00,  0.00 
 0.00, -0.00,  0.00 
 0.00, -0.00,  0.00 
 0.00, -0.00,  0.00 
 0.00, -0.00,  0.00 
 0.00, -0.00,  0.00 
 0.00, -0.00,  0.00 
 0.00, -0.00,  0.00 
 0.00, -0.00,  0.00 
 0.00, -0.00,  0.00 
 0.00, -0.00,  0.00 
 0.00, -0.00,  0.00 
 0.00, -0.00,  0.00 
 0.00, -0.00,  0.00 
 0.00, -0.00,  0.00 
 0.00, -0.00,  0.00 
 0.00, -0.00,  0.00 
 0.00, -0.00,  0.00 
 0.00, -0.00,  0.00 
 0.00, -0.00,  0.00 
 0.00, -0.00,  0.00 
 0.00, -0.00,  0.00 
 0.00, -0.00,  0.00 
 0.00, -0.00,  0.00 
 0.00, -0.00,  0.00 
 0.00, -0.00,  0.00 
 0.00, -0.00,  0.00 
 0.00, -0.00,  0.00 
 0.00, -0.00,  0.00 
 0.00, -0.00,  0.00 
 0.00, -0.00,  0.00 
 0.00, -0.00,  0.00 
 0.00, -0.00,  0.00 
############################ 
Stabilization 
############################ 
cmd : 2.565, back to 0deg : 4.53
Time stabilization 
cmd : 0.565, back to 0deg : 0.530 
