 0.00, 0.00,  0.00 
 0.00, 0.00,  0.00 
 0.00, 0.00,  0.00 
 0.00, 0.00,  0.00 
 0.00, 0.00,  0.00 
 0.00, 0.00,  0.00 
 0.00, 0.00,  0.00 
 0.00, 0.00,  0.00 
 0.00, 0.00,  0.00 
 0.00, 0.00,  0.00 
 0.00, 0.00,  0.00 
 0.00, 0.00,  0.00 
 0.00, 0.00,  0.00 
 0.00, 0.00,  0.00 
 0.00, 0.00,  0.00 
 0.00, 0.00,  0.00 
 0.00, 0.00,  0.00 
 0.00, 0.00,  0.00 
 0.00, 0.00,  0.00 
 0.00, 0.00,  0.00 
 0.00, 0.00,  0.00 
 0.00, 0.00,  0.00 
 0.00, 0.00,  0.00 
 0.00, 0.00,  0.00 
 0.00, 0.00,  0.00 
 0.00, 0.00,  0.00 
 0.00, 0.00,  0.00 
 0.00, 0.00,  0.00 
 0.00, 0.00,  0.00 
 0.00, 0.00,  0.00 
 0.00, 0.00,  0.00 
 0.00, 0.00,  0.00 
 0.00, 0.00,  0.00 
 0.00, 0.00,  0.00 
 0.00, 0.00,  0.00 
 0.00, 0.00,  0.00 
 0.00, 0.00,  0.00 
 0.00, 0.00,  0.00 
 0.00, 0.00,  0.00 
 0.00, 0.00,  0.00 
 0.00, 0.00,  0.00 
 0.00, 0.00,  0.00 
 0.00, 0.00,  0.00 
 0.00, 0.00,  0.00 
 0.00, 0.00,  0.00 
 0.00, 0.00,  0.00 
 0.00, 0.00,  0.00 
 0.00, 0.00,  0.00 
 0.00, 0.00,  0.00 
 0.00, 0.00,  0.00 
 0.00, 0.00,  0.00 
 0.00, 0.00,  0.00 
 0.00, 0.00,  0.00 
 0.00, 0.00,  0.00 
 0.00, 0.00,  0.00 
 0.00, 0.00,  0.00 
 0.00, 0.00,  0.00 
 0.00, 0.00,  0.00 
 0.00, 0.00,  0.00 
 0.00, 0.00,  0.00 
 0.00, 0.00,  0.00 
 0.00, 0.00,  0.00 
 0.00, 0.00,  0.00 
 0.00, 0.00,  0.00 
 0.00, 0.00,  0.00 
 0.00, 0.00,  0.00 
 0.00, 0.00,  0.00 
 0.00, 0.00,  0.00 
 0.00, 0.00,  0.00 
 0.00, 0.00,  0.00 
 0.00, 0.00,  0.00 
 0.00, 0.00,  0.00 
 0.00, 0.00,  0.00 
 0.00, 0.00,  0.00 
 0.00, 0.00,  0.00 
 0.00, 0.00,  0.00 
 0.00, 0.00,  0.00 
 0.00, 0.00,  0.00 
 0.00, 0.00,  0.00 
 0.00, 0.00,  0.00 
 0.00, 0.00,  0.00 
 0.00, 0.00,  0.00 
 0.00, 0.00,  0.00 
 0.00, 0.00,  0.00 
 0.00, 0.00,  0.00 
 0.00, 0.00,  0.00 
 0.00, 0.00,  0.00 
 0.00, 0.00,  0.00 
 0.00, 0.00,  0.00 
 0.00, 0.00,  0.00 
 0.00, 0.00,  0.00 
 0.00, 0.00,  0.00 
 0.00, 0.00,  0.00 
 0.00, 0.00,  0.00 
 0.00, 0.00,  0.00 
 0.00, 0.00,  0.00 
 0.00, 0.00,  0.00 
 0.00, 0.00,  0.00 
 0.00, 0.00,  0.00 
 0.00, 0.00,  0.00 
 0.00, 0.00,  0.00 
 0.00, 0.00,  0.00 
 0.00, 0.00,  0.00 
 0.00, 0.00,  0.00 
 0.00, 0.00,  0.00 
 0.00, 0.00,  0.00 
 0.00, 0.00,  0.00 
 0.00, 0.00,  0.00 
 0.00, 0.00,  0.00 
 0.00, 0.00,  0.00 
 0.00, 0.00,  0.00 
 0.00, 0.00,  0.00 
 0.00, 0.00,  0.00 
 0.00, 0.00,  0.00 
 0.00, 0.00,  0.00 
 0.00, 0.00,  0.00 
 0.00, 0.00,  0.00 
 0.00, 0.00,  0.00 
 0.00, 0.00,  0.00 
 0.00, 0.00,  0.00 
 0.00, 0.00,  0.00 
 0.00, 0.00,  0.00 
 0.00, 0.00,  0.00 
 0.00, 0.00,  0.00 
 0.00, 0.00,  0.00 
 0.00, 0.00,  0.00 
 0.00, 0.00,  0.00 
 0.00, 0.00,  0.00 
 0.00, 0.00,  0.00 
 0.00, 0.00,  0.00 
 0.00, 0.00,  0.00 
 0.00, 0.00,  0.00 
 0.00, 0.00,  0.00 
 0.00, 0.00,  0.00 
 -0.00, 1.96,  -0.00 
 -0.00, 3.99,  -0.00 
 -0.00, 5.70,  -0.00 
 -0.00, 7.08,  -0.00 
 -0.00, 8.16,  -0.00 
 -0.00, 9.01,  -0.00 
 -0.00, 9.66,  -0.00 
 -0.00, 10.16,  -0.00 
 -0.00, 10.54,  -0.00 
 -0.00, 10.82,  -0.00 
 -0.00, 11.03,  -0.00 
 -0.00, 11.18,  -0.00 
 -0.00, 11.29,  -0.00 
 0.00, 11.35,  -0.00 
 0.00, 11.39,  -0.00 
 0.00, 11.41,  -0.00 
 0.00, 11.41,  -0.00 
 0.00, 11.39,  -0.00 
 0.00, 11.37,  -0.00 
 0.00, 11.34,  -0.00 
 0.00, 11.30,  -0.00 
 0.00, 11.26,  -0.00 
 0.00, 11.22,  -0.00 
 0.00, 11.18,  -0.00 
 0.00, 11.14,  -0.00 
 0.00, 11.09,  -0.00 
 0.00, 11.05,  -0.00 
 0.00, 11.00,  -0.00 
 0.00, 10.96,  -0.00 
 0.00, 10.92,  -0.00 
 0.00, 10.88,  -0.00 
 0.00, 10.84,  -0.00 
 0.00, 10.81,  -0.00 
 0.00, 10.77,  -0.00 
 0.00, 10.74,  -0.00 
 0.00, 10.70,  -0.00 
 0.00, 10.67,  -0.00 
 0.00, 10.64,  -0.00 
 0.00, 10.61,  -0.00 
 0.00, 10.58,  -0.00 
 0.00, 10.56,  -0.00 
 0.00, 10.53,  -0.00 
 0.00, 10.51,  -0.00 
 0.00, 10.48,  -0.00 
 0.00, 10.46,  -0.00 
 0.00, 10.44,  -0.00 
 0.00, 10.42,  -0.00 
 0.00, 10.40,  -0.00 
 0.00, 10.38,  -0.00 
 0.00, 10.36,  -0.00 
 0.00, 10.35,  -0.00 
 0.00, 10.33,  -0.00 
 0.00, 10.32,  -0.00 
 0.00, 10.30,  -0.00 
 0.00, 10.29,  -0.00 
 0.00, 10.27,  -0.00 
 0.00, 10.26,  -0.00 
 0.00, 10.25,  -0.00 
 0.00, 10.24,  -0.00 
 0.00, 10.23,  -0.00 
 0.00, 10.22,  -0.00 
 -0.00, 10.21,  -0.00 
 -0.00, 10.20,  -0.00 
 -0.00, 10.19,  -0.00 
 -0.00, 10.18,  -0.00 
 -0.00, 10.17,  -0.00 
 -0.00, 10.16,  -0.00 
 -0.00, 10.16,  -0.00 
 -0.00, 10.15,  -0.00 
 -0.00, 10.14,  -0.00 
 -0.00, 10.13,  -0.00 
 -0.00, 10.13,  -0.00 
 -0.00, 10.12,  -0.00 
 -0.00, 10.12,  -0.00 
 -0.00, 10.11,  -0.00 
 -0.00, 10.11,  -0.00 
 -0.00, 10.10,  -0.00 
 -0.00, 10.10,  -0.00 
 -0.00, 10.09,  -0.00 
 -0.00, 10.09,  -0.00 
 -0.00, 10.08,  -0.00 
 -0.00, 10.08,  -0.00 
 -0.00, 10.08,  -0.00 
 -0.00, 10.07,  -0.00 
 -0.00, 10.07,  -0.00 
 -0.00, 10.07,  -0.00 
 -0.00, 10.06,  -0.00 
 -0.00, 10.06,  -0.00 
 -0.00, 10.06,  -0.00 
 -0.00, 10.05,  -0.00 
 -0.00, 10.05,  -0.00 
 -0.00, 10.05,  -0.00 
 -0.00, 10.05,  -0.00 
 -0.00, 10.05,  -0.00 
 -0.00, 10.04,  -0.00 
 -0.00, 10.04,  -0.00 
 -0.00, 10.04,  -0.00 
 -0.00, 10.04,  -0.00 
 -0.00, 10.04,  -0.00 
 -0.00, 10.03,  -0.00 
 -0.00, 10.03,  -0.00 
 -0.00, 10.03,  -0.00 
 -0.00, 10.03,  -0.00 
 -0.00, 10.03,  -0.00 
 -0.00, 10.03,  -0.00 
 -0.00, 10.03,  -0.00 
 -0.00, 10.02,  -0.00 
 -0.00, 10.02,  -0.00 
 -0.00, 10.02,  -0.00 
 -0.00, 10.02,  -0.00 
 -0.00, 10.02,  -0.00 
 -0.00, 10.02,  -0.00 
 -0.00, 10.02,  -0.00 
 -0.00, 10.02,  -0.00 
 -0.00, 10.02,  -0.00 
 -0.00, 10.02,  -0.00 
 -0.00, 10.02,  -0.00 
 -0.00, 10.01,  -0.00 
 -0.00, 10.01,  -0.00 
 -0.00, 10.01,  -0.00 
 -0.00, 10.01,  -0.00 
 -0.00, 10.01,  -0.00 
 -0.00, 10.01,  -0.00 
 -0.00, 10.01,  -0.00 
 -0.00, 10.01,  -0.00 
 -0.00, 10.01,  -0.00 
 -0.00, 10.01,  -0.00 
 -0.00, 10.01,  -0.00 
 -0.00, 10.01,  -0.00 
 -0.00, 10.01,  -0.00 
 -0.00, 10.01,  -0.00 
 -0.00, 10.01,  -0.00 
 -0.00, 10.01,  -0.00 
 0.00, 8.05,  -0.00 
 0.00, 6.02,  -0.00 
 0.00, 4.30,  -0.00 
 0.00, 2.93,  -0.00 
 0.00, 1.84,  -0.00 
 0.00, 1.00,  -0.00 
 0.00, 0.35,  -0.00 
 0.00, -0.15,  0.00 
 0.00, -0.54,  0.00 
 0.00, -0.82,  0.00 
 0.00, -1.03,  0.00 
 0.00, -1.18,  0.00 
 0.00, -1.28,  0.00 
 -0.00, -1.35,  0.00 
 -0.00, -1.39,  0.00 
 -0.00, -1.40,  0.00 
 -0.00, -1.40,  0.00 
 -0.00, -1.39,  0.00 
 -0.00, -1.37,  0.00 
 -0.00, -1.34,  0.00 
 -0.00, -1.30,  0.00 
 -0.00, -1.26,  0.00 
 -0.00, -1.22,  0.00 
 -0.00, -1.18,  0.00 
 -0.00, -1.13,  0.00 
 -0.00, -1.09,  0.00 
 -0.00, -1.05,  0.00 
 -0.00, -1.00,  0.00 
 -0.00, -0.96,  0.00 
 -0.00, -0.92,  0.00 
 -0.00, -0.88,  0.00 
 -0.00, -0.84,  0.00 
 -0.00, -0.81,  0.00 
 -0.00, -0.77,  0.00 
 -0.00, -0.73,  0.00 
 -0.00, -0.70,  0.00 
 -0.00, -0.67,  0.00 
 -0.00, -0.64,  0.00 
 -0.00, -0.61,  0.00 
 -0.00, -0.58,  0.00 
 -0.00, -0.56,  0.00 
 -0.00, -0.53,  0.00 
 -0.00, -0.51,  0.00 
 -0.00, -0.48,  0.00 
 -0.00, -0.46,  0.00 
 -0.00, -0.44,  0.00 
 -0.00, -0.42,  0.00 
 -0.00, -0.40,  0.00 
 -0.00, -0.38,  0.00 
 -0.00, -0.36,  0.00 
 -0.00, -0.35,  0.00 
 -0.00, -0.33,  0.00 
 -0.00, -0.32,  0.00 
 -0.00, -0.30,  0.00 
 -0.00, -0.29,  0.00 
 -0.00, -0.27,  0.00 
 -0.00, -0.26,  0.00 
 -0.00, -0.25,  0.00 
 -0.00, -0.24,  0.00 
 -0.00, -0.23,  0.00 
 -0.00, -0.22,  0.00 
 0.00, -0.21,  0.00 
 0.00, -0.20,  0.00 
 0.00, -0.19,  0.00 
 0.00, -0.18,  0.00 
 0.00, -0.17,  0.00 
 0.00, -0.16,  0.00 
 0.00, -0.16,  0.00 
 0.00, -0.15,  0.00 
 0.00, -0.14,  0.00 
 0.00, -0.14,  0.00 
 0.00, -0.13,  0.00 
 0.00, -0.12,  0.00 
 0.00, -0.12,  0.00 
 0.00, -0.11,  0.00 
 0.00, -0.11,  0.00 
 0.00, -0.10,  0.00 
 0.00, -0.10,  0.00 
 0.00, -0.09,  0.00 
 0.00, -0.09,  0.00 
 0.00, -0.08,  0.00 
 0.00, -0.08,  0.00 
 0.00, -0.08,  0.00 
 0.00, -0.07,  0.00 
 0.00, -0.07,  0.00 
 0.00, -0.07,  0.00 
 0.00, -0.06,  0.00 
 0.00, -0.06,  0.00 
 0.00, -0.06,  0.00 
 0.00, -0.05,  0.00 
 0.00, -0.05,  0.00 
 0.00, -0.05,  0.00 
 0.00, -0.05,  0.00 
 0.00, -0.05,  0.00 
 0.00, -0.04,  0.00 
 0.00, -0.04,  0.00 
 0.00, -0.04,  0.00 
 0.00, -0.04,  0.00 
 0.00, -0.04,  0.00 
 0.00, -0.03,  0.00 
 0.00, -0.03,  0.00 
 0.00, -0.03,  0.00 
 0.00, -0.03,  0.00 
 0.00, -0.03,  0.00 
 0.00, -0.03,  0.00 
 0.00, -0.03,  0.00 
 0.00, -0.02,  0.00 
 0.00, -0.02,  0.00 
 0.00, -0.02,  0.00 
 0.00, -0.02,  0.00 
 0.00, -0.02,  0.00 
 0.00, -0.02,  0.00 
 0.00, -0.02,  0.00 
 0.00, -0.02,  0.00 
 0.00, -0.02,  0.00 
 0.00, -0.02,  0.00 
 0.00, -0.02,  0.00 
 0.00, -0.01,  0.00 
 0.00, -0.01,  0.00 
 0.00, -0.01,  0.00 
 0.00, -0.01,  0.00 
 0.00, -0.01,  0.00 
 0.00, -0.01,  0.00 
 0.00, -0.01,  0.00 
 0.00, -0.01,  0.00 
 0.00, -0.01,  0.00 
 0.00, -0.01,  0.00 
 0.00, -0.01,  0.00 
 0.00, -0.01,  0.00 
 0.00, -0.01,  0.00 
 0.00, -0.01,  0.00 
 0.00, -0.01,  0.00 
 0.00, -0.01,  0.00 
############################ 
Stabilization 
############################ 
cmd : 3.165, back to 0deg : 5.16
Time stabilization 
cmd : 1.165, back to 0deg : 1.160 
