 0.00, 0.00,  0.00 
 0.00, 0.00,  0.00 
 0.00, 0.00,  0.00 
 0.00, 0.00,  0.00 
 0.00, 0.00,  0.00 
 0.00, 0.00,  0.00 
 0.00, 0.00,  0.00 
 0.00, 0.00,  0.00 
 0.00, 0.00,  0.00 
 0.00, 0.00,  0.00 
 0.00, 0.00,  0.00 
 0.00, 0.00,  0.00 
 0.00, 0.00,  0.00 
 0.00, 0.00,  0.00 
 0.00, 0.00,  0.00 
 0.00, 0.00,  0.00 
 0.00, 0.00,  0.00 
 0.00, 0.00,  0.00 
 0.00, 0.00,  0.00 
 0.00, 0.00,  0.00 
 0.00, 0.00,  0.00 
 0.00, 0.00,  0.00 
 0.00, 0.00,  0.00 
 0.00, 0.00,  0.00 
 0.00, 0.00,  0.00 
 0.00, 0.00,  0.00 
 0.00, 0.00,  0.00 
 0.00, 0.00,  0.00 
 0.00, 0.00,  0.00 
 0.00, 0.00,  0.00 
 0.00, 0.00,  0.00 
 0.00, 0.00,  0.00 
 0.00, 0.00,  0.00 
 0.00, 0.00,  0.00 
 0.00, 0.00,  0.00 
 0.00, 0.00,  0.00 
 0.00, 0.00,  0.00 
 0.00, 0.00,  0.00 
 0.00, 0.00,  0.00 
 0.00, 0.00,  0.00 
 0.00, 0.00,  0.00 
 0.00, 0.00,  0.00 
 0.00, 0.00,  0.00 
 0.00, 0.00,  0.00 
 0.00, 0.00,  0.00 
 0.00, 0.00,  0.00 
 0.00, 0.00,  0.00 
 0.00, 0.00,  0.00 
 0.00, 0.00,  0.00 
 0.00, 0.00,  0.00 
 0.00, 0.00,  0.00 
 0.00, 0.00,  0.00 
 0.00, 0.00,  0.00 
 0.00, 0.00,  0.00 
 0.00, 0.00,  0.00 
 0.00, 0.00,  0.00 
 0.00, 0.00,  0.00 
 0.00, 0.00,  0.00 
 0.00, 0.00,  0.00 
 0.00, 0.00,  0.00 
 0.00, 0.00,  0.00 
 0.00, 0.00,  0.00 
 0.00, 0.00,  0.00 
 0.00, 0.00,  0.00 
 0.00, 0.00,  0.00 
 0.00, 0.00,  0.00 
 0.00, 0.00,  0.00 
 0.00, 0.00,  0.00 
 0.00, 0.00,  0.00 
 0.00, 0.00,  0.00 
 0.00, 0.00,  0.00 
 0.00, 0.00,  0.00 
 0.00, 0.00,  0.00 
 0.00, 0.00,  0.00 
 0.00, 0.00,  0.00 
 0.00, 0.00,  0.00 
 0.00, 0.00,  0.00 
 0.00, 0.00,  0.00 
 0.00, 0.00,  0.00 
 0.00, 0.00,  0.00 
 0.00, 0.00,  0.00 
 0.00, 0.00,  0.00 
 0.00, 0.00,  0.00 
 0.00, 0.00,  0.00 
 0.00, 0.00,  0.00 
 0.00, 0.00,  0.00 
 0.00, 0.00,  0.00 
 0.00, 0.00,  0.00 
 0.00, 0.00,  0.00 
 0.00, 0.00,  0.00 
 0.00, 0.00,  0.00 
 0.00, 0.00,  0.00 
 0.00, 0.00,  0.00 
 0.00, 0.00,  0.00 
 0.00, 0.00,  0.00 
 0.00, 0.00,  0.00 
 0.00, 0.00,  0.00 
 0.00, 0.00,  0.00 
 0.00, 0.00,  0.00 
 0.00, 0.00,  0.00 
 0.00, 0.00,  0.00 
 0.00, 0.00,  0.00 
 0.00, 0.00,  0.00 
 0.00, 0.00,  0.00 
 0.00, 0.00,  0.00 
 0.00, 0.00,  0.00 
 0.00, 0.00,  0.00 
 0.00, 0.00,  0.00 
 0.00, 0.00,  0.00 
 0.00, 0.00,  0.00 
 0.00, 0.00,  0.00 
 0.00, 0.00,  0.00 
 0.00, 0.00,  0.00 
 0.00, 0.00,  0.00 
 0.00, 0.00,  0.00 
 0.00, 0.00,  0.00 
 0.00, 0.00,  0.00 
 0.00, 0.00,  0.00 
 0.00, 0.00,  0.00 
 0.00, 0.00,  0.00 
 0.00, 0.00,  0.00 
 0.00, 0.00,  0.00 
 0.00, 0.00,  0.00 
 0.00, 0.00,  0.00 
 0.00, 0.00,  0.00 
 0.00, 0.00,  0.00 
 0.00, 0.00,  0.00 
 0.00, 0.00,  0.00 
 0.00, 0.00,  0.00 
 0.00, 0.00,  0.00 
 0.00, 0.00,  0.00 
 0.00, 0.00,  0.00 
 0.00, 0.00,  0.00 
 0.00, 0.00,  0.00 
 2.47, -0.00,  -0.00 
 5.22, -0.01,  -0.00 
 7.76, -0.01,  -0.00 
 10.02, -0.01,  -0.00 
 12.02, -0.01,  -0.00 
 13.77, -0.01,  -0.00 
 15.30, -0.01,  -0.00 
 16.64, -0.01,  -0.00 
 17.81, -0.01,  -0.00 
 18.83, -0.01,  -0.00 
 19.71, -0.01,  -0.00 
 20.49, -0.00,  -0.00 
 21.16, -0.00,  -0.00 
 21.74, -0.00,  -0.00 
 22.24, -0.00,  -0.00 
 22.67, -0.00,  -0.00 
 23.04, -0.00,  -0.00 
 23.36, -0.00,  -0.00 
 23.64, 0.00,  -0.00 
 23.88, 0.00,  -0.00 
 24.08, 0.00,  -0.00 
 24.25, 0.00,  -0.00 
 24.39, 0.00,  -0.00 
 24.52, 0.00,  -0.00 
 24.62, 0.00,  -0.00 
 24.71, 0.00,  -0.00 
 24.78, 0.00,  -0.00 
 24.84, 0.00,  -0.00 
 24.89, 0.00,  -0.00 
 24.93, 0.00,  -0.00 
 24.97, 0.00,  -0.00 
 24.99, 0.00,  -0.00 
 25.01, 0.00,  -0.00 
 25.03, 0.00,  -0.00 
 25.05, 0.00,  -0.00 
 25.06, 0.00,  -0.00 
 25.06, 0.00,  -0.00 
 25.07, 0.00,  -0.00 
 25.07, 0.00,  -0.00 
 25.07, 0.00,  -0.00 
 25.08, 0.00,  -0.00 
 25.07, 0.00,  -0.00 
 25.07, 0.00,  -0.00 
 25.07, 0.00,  -0.00 
 25.07, 0.00,  -0.00 
 25.07, 0.00,  -0.00 
 25.07, 0.00,  -0.00 
 25.06, 0.00,  -0.00 
 25.06, 0.00,  -0.00 
 25.06, 0.00,  -0.00 
 25.06, 0.00,  -0.00 
 25.05, 0.00,  -0.00 
 25.05, 0.00,  -0.00 
 25.05, 0.00,  -0.00 
 25.05, 0.00,  -0.00 
 25.05, 0.00,  -0.00 
 25.04, 0.00,  -0.00 
 25.04, 0.00,  -0.00 
 25.04, 0.00,  -0.00 
 25.04, 0.00,  -0.00 
 25.04, 0.00,  -0.00 
 25.03, 0.00,  -0.00 
 25.03, 0.00,  -0.00 
 25.03, 0.00,  -0.00 
 25.03, 0.00,  -0.00 
 25.03, 0.00,  -0.00 
 25.03, 0.00,  -0.00 
 25.03, 0.00,  -0.00 
 25.03, 0.00,  -0.00 
 25.03, 0.00,  -0.00 
 25.03, 0.00,  -0.00 
 25.03, 0.00,  -0.00 
 25.03, 0.00,  -0.00 
 25.02, 0.00,  -0.00 
 25.02, 0.00,  -0.00 
 25.02, 0.00,  -0.00 
 25.02, 0.00,  -0.00 
 25.02, 0.00,  -0.00 
 25.02, 0.00,  -0.00 
 25.02, 0.00,  -0.00 
 25.02, 0.00,  -0.00 
 25.02, 0.00,  -0.00 
 25.02, 0.00,  -0.00 
 25.02, 0.00,  -0.00 
 25.02, 0.00,  -0.00 
 25.02, 0.00,  -0.00 
 25.02, 0.00,  -0.00 
 25.02, 0.00,  -0.00 
 25.02, 0.00,  -0.00 
 25.02, 0.00,  -0.00 
 25.02, 0.00,  -0.00 
 25.02, 0.00,  -0.00 
 25.02, 0.00,  -0.00 
 25.02, 0.00,  -0.00 
 25.02, 0.00,  -0.00 
 25.02, 0.00,  -0.00 
 25.02, 0.00,  -0.00 
 25.02, 0.00,  -0.00 
 25.02, 0.00,  -0.00 
 25.02, 0.00,  -0.00 
 25.02, 0.00,  -0.00 
 25.02, 0.00,  -0.00 
 25.02, 0.00,  -0.00 
 25.02, 0.00,  -0.00 
 25.02, 0.00,  -0.00 
 25.02, 0.00,  -0.00 
 25.02, 0.00,  -0.00 
 25.02, 0.00,  -0.00 
 25.02, 0.00,  -0.00 
 25.02, 0.00,  -0.00 
 25.02, 0.00,  -0.00 
 25.02, 0.00,  -0.00 
 25.02, 0.00,  -0.00 
 25.02, 0.00,  -0.00 
 25.02, 0.00,  -0.00 
 25.02, 0.00,  -0.00 
 25.02, 0.00,  -0.00 
 25.02, 0.00,  -0.00 
 25.02, 0.00,  -0.00 
 25.02, 0.00,  -0.00 
 25.02, 0.00,  -0.00 
 25.02, 0.00,  -0.00 
 25.02, 0.00,  -0.00 
 25.02, 0.00,  -0.00 
 25.02, 0.00,  -0.00 
 25.02, 0.00,  -0.00 
 25.02, 0.00,  -0.00 
 25.02, 0.00,  -0.00 
 25.02, 0.00,  -0.00 
 25.02, 0.00,  -0.00 
 25.02, 0.00,  -0.00 
 25.02, 0.00,  -0.00 
 25.02, 0.00,  -0.00 
 22.55, 0.00,  -0.00 
 19.80, 0.01,  -0.00 
 17.26, 0.01,  -0.00 
 15.00, 0.01,  -0.00 
 13.01, 0.01,  -0.00 
 11.26, 0.01,  -0.00 
 9.72, 0.01,  -0.00 
 8.38, 0.01,  -0.00 
 7.21, 0.01,  -0.00 
 6.20, 0.01,  -0.00 
 5.31, 0.01,  -0.00 
 4.54, 0.00,  -0.00 
 3.87, 0.00,  -0.00 
 3.29, 0.00,  -0.00 
 2.78, 0.00,  -0.00 
 2.35, 0.00,  -0.00 
 1.98, 0.00,  -0.00 
 1.66, 0.00,  -0.00 
 1.38, -0.00,  -0.00 
 1.15, -0.00,  -0.00 
 0.94, -0.00,  -0.00 
 0.77, -0.00,  -0.00 
 0.63, -0.00,  -0.00 
 0.50, -0.00,  -0.00 
 0.40, -0.00,  -0.00 
 0.31, -0.00,  -0.00 
 0.24, -0.00,  -0.00 
 0.18, -0.00,  -0.00 
 0.13, -0.00,  -0.00 
 0.09, -0.00,  -0.00 
 0.06, -0.00,  -0.00 
 0.03, -0.00,  -0.00 
 0.01, -0.00,  0.00 
 -0.01, -0.00,  0.00 
 -0.02, -0.00,  0.00 
 -0.03, -0.00,  0.00 
 -0.04, -0.00,  0.00 
 -0.05, -0.00,  0.00 
 -0.05, -0.00,  0.00 
 -0.05, -0.00,  0.00 
 -0.05, -0.00,  0.00 
 -0.05, -0.00,  0.00 
 -0.05, -0.00,  0.00 
 -0.05, -0.00,  0.00 
 -0.05, -0.00,  0.00 
 -0.05, -0.00,  0.00 
 -0.05, -0.00,  0.00 
 -0.04, -0.00,  0.00 
 -0.04, -0.00,  0.00 
 -0.04, -0.00,  0.00 
 -0.04, -0.00,  0.00 
 -0.03, -0.00,  0.00 
 -0.03, -0.00,  0.00 
 -0.03, -0.00,  0.00 
 -0.03, -0.00,  0.00 
 -0.02, -0.00,  0.00 
 -0.02, -0.00,  0.00 
 -0.02, -0.00,  0.00 
 -0.02, -0.00,  0.00 
 -0.02, -0.00,  0.00 
 -0.02, -0.00,  0.00 
 -0.01, -0.00,  0.00 
 -0.01, -0.00,  0.00 
 -0.01, -0.00,  0.00 
 -0.01, -0.00,  0.00 
 -0.01, -0.00,  0.00 
 -0.01, -0.00,  0.00 
 -0.01, -0.00,  0.00 
 -0.01, -0.00,  0.00 
 -0.01, -0.00,  0.00 
 -0.01, -0.00,  0.00 
 -0.01, -0.00,  0.00 
 -0.00, -0.00,  0.00 
 -0.00, -0.00,  0.00 
 -0.00, -0.00,  0.00 
 -0.00, -0.00,  0.00 
 -0.00, -0.00,  0.00 
 -0.00, -0.00,  0.00 
 -0.00, -0.00,  0.00 
 -0.00, -0.00,  0.00 
 -0.00, -0.00,  0.00 
 -0.00, -0.00,  0.00 
 -0.00, -0.00,  0.00 
 -0.00, -0.00,  0.00 
 -0.00, -0.00,  0.00 
 -0.00, -0.00,  0.00 
 -0.00, -0.00,  0.00 
 -0.00, -0.00,  0.00 
 -0.00, -0.00,  0.00 
 -0.00, -0.00,  0.00 
 -0.00, -0.00,  0.00 
 -0.00, -0.00,  0.00 
 -0.00, -0.00,  0.00 
 -0.00, -0.00,  0.00 
 -0.00, -0.00,  0.00 
 -0.00, -0.00,  0.00 
 -0.00, -0.00,  0.00 
 -0.00, -0.00,  0.00 
 -0.00, -0.00,  0.00 
 -0.00, -0.00,  0.00 
 -0.00, -0.00,  0.00 
 -0.00, -0.00,  0.00 
 -0.00, -0.00,  0.00 
 -0.00, -0.00,  0.00 
 -0.00, -0.00,  0.00 
 -0.00, -0.00,  0.00 
 -0.00, -0.00,  0.00 
 -0.00, -0.00,  0.00 
 -0.00, -0.00,  0.00 
 -0.00, -0.00,  0.00 
 -0.00, -0.00,  0.00 
 -0.00, -0.00,  0.00 
 -0.00, -0.00,  0.00 
 -0.00, -0.00,  0.00 
 -0.00, -0.00,  0.00 
 -0.00, -0.00,  0.00 
 -0.00, -0.00,  0.00 
 -0.00, -0.00,  0.00 
 -0.00, -0.00,  0.00 
 -0.00, -0.00,  0.00 
 -0.00, -0.00,  0.00 
 -0.00, -0.00,  0.00 
 -0.00, -0.00,  0.00 
 -0.00, -0.00,  0.00 
 -0.00, -0.00,  0.00 
 -0.00, -0.00,  0.00 
 -0.00, -0.00,  0.00 
 -0.00, -0.00,  0.00 
 -0.00, -0.00,  0.00 
 -0.00, -0.00,  0.00 
 -0.00, -0.00,  0.00 
 -0.00, -0.00,  0.00 
 -0.00, -0.00,  0.00 
############################ 
Stabilization 
############################ 
cmd : 2.445, back to 0deg : 4.4399999999999995
Time stabilization 
cmd : 0.445, back to 0deg : 0.440 
