 0.00, 0.00,  0.00 
 0.00, 0.00,  0.00 
 0.00, 0.00,  0.00 
 0.00, 0.00,  0.00 
 0.00, 0.00,  0.00 
 0.00, 0.00,  0.00 
 0.00, 0.00,  0.00 
 0.00, 0.00,  0.00 
 0.00, 0.00,  0.00 
 0.00, 0.00,  0.00 
 0.00, 0.00,  0.00 
 0.00, 0.00,  0.00 
 0.00, 0.00,  0.00 
 0.00, 0.00,  0.00 
 0.00, 0.00,  0.00 
 0.00, 0.00,  0.00 
 0.00, 0.00,  0.00 
 0.00, 0.00,  0.00 
 0.00, 0.00,  0.00 
 0.00, 0.00,  0.00 
 0.00, 0.00,  0.00 
 0.00, 0.00,  0.00 
 0.00, 0.00,  0.00 
 0.00, 0.00,  0.00 
 0.00, 0.00,  0.00 
 0.00, 0.00,  0.00 
 0.00, 0.00,  0.00 
 0.00, 0.00,  0.00 
 0.00, 0.00,  0.00 
 0.00, 0.00,  0.00 
 0.00, 0.00,  0.00 
 0.00, 0.00,  0.00 
 0.00, 0.00,  0.00 
 0.00, 0.00,  0.00 
 0.00, 0.00,  0.00 
 0.00, 0.00,  0.00 
 0.00, 0.00,  0.00 
 0.00, 0.00,  0.00 
 0.00, 0.00,  0.00 
 0.00, 0.00,  0.00 
 0.00, 0.00,  0.00 
 0.00, 0.00,  0.00 
 0.00, 0.00,  0.00 
 0.00, 0.00,  0.00 
 0.00, 0.00,  0.00 
 0.00, 0.00,  0.00 
 0.00, 0.00,  0.00 
 0.00, 0.00,  0.00 
 0.00, 0.00,  0.00 
 0.00, 0.00,  0.00 
 0.00, 0.00,  0.00 
 0.00, 0.00,  0.00 
 0.00, 0.00,  0.00 
 0.00, 0.00,  0.00 
 0.00, 0.00,  0.00 
 0.00, 0.00,  0.00 
 0.00, 0.00,  0.00 
 0.00, 0.00,  0.00 
 0.00, 0.00,  0.00 
 0.00, 0.00,  0.00 
 0.00, 0.00,  0.00 
 0.00, 0.00,  0.00 
 0.00, 0.00,  0.00 
 0.00, 0.00,  0.00 
 0.00, 0.00,  0.00 
 0.00, 0.00,  0.00 
 0.00, 0.00,  0.00 
 0.00, 0.00,  0.00 
 0.00, 0.00,  0.00 
 0.00, 0.00,  0.00 
 0.00, 0.00,  0.00 
 0.00, 0.00,  0.00 
 0.00, 0.00,  0.00 
 0.00, 0.00,  0.00 
 0.00, 0.00,  0.00 
 0.00, 0.00,  0.00 
 0.00, 0.00,  0.00 
 0.00, 0.00,  0.00 
 0.00, 0.00,  0.00 
 0.00, 0.00,  0.00 
 0.00, 0.00,  0.00 
 0.00, 0.00,  0.00 
 0.00, 0.00,  0.00 
 0.00, 0.00,  0.00 
 0.00, 0.00,  0.00 
 0.00, 0.00,  0.00 
 0.00, 0.00,  0.00 
 0.00, 0.00,  0.00 
 0.00, 0.00,  0.00 
 0.00, 0.00,  0.00 
 0.00, 0.00,  0.00 
 0.00, 0.00,  0.00 
 0.00, 0.00,  0.00 
 0.00, 0.00,  0.00 
 0.00, 0.00,  0.00 
 0.00, 0.00,  0.00 
 0.00, 0.00,  0.00 
 0.00, 0.00,  0.00 
 0.00, 0.00,  0.00 
 0.00, 0.00,  0.00 
 0.00, 0.00,  0.00 
 0.00, 0.00,  0.00 
 0.00, 0.00,  0.00 
 0.00, 0.00,  0.00 
 0.00, 0.00,  0.00 
 0.00, 0.00,  0.00 
 0.00, 0.00,  0.00 
 0.00, 0.00,  0.00 
 0.00, 0.00,  0.00 
 0.00, 0.00,  0.00 
 0.00, 0.00,  0.00 
 0.00, 0.00,  0.00 
 0.00, 0.00,  0.00 
 0.00, 0.00,  0.00 
 0.00, 0.00,  0.00 
 0.00, 0.00,  0.00 
 0.00, 0.00,  0.00 
 0.00, 0.00,  0.00 
 0.00, 0.00,  0.00 
 0.00, 0.00,  0.00 
 0.00, 0.00,  0.00 
 0.00, 0.00,  0.00 
 0.00, 0.00,  0.00 
 0.00, 0.00,  0.00 
 0.00, 0.00,  0.00 
 0.00, 0.00,  0.00 
 0.00, 0.00,  0.00 
 0.00, 0.00,  0.00 
 0.00, 0.00,  0.00 
 0.00, 0.00,  0.00 
 0.00, 0.00,  0.00 
 0.00, 0.00,  0.00 
 0.00, 0.00,  0.00 
 0.00, 0.00,  0.00 
 -0.00, 6.52,  -0.00 
 -0.01, 13.89,  -0.00 
 -0.01, 20.03,  -0.00 
 -0.01, 24.57,  -0.01 
 -0.01, 27.73,  -0.01 
 -0.01, 29.93,  -0.01 
 -0.01, 31.51,  -0.01 
 -0.01, 32.72,  -0.01 
 -0.01, 33.71,  -0.01 
 -0.00, 34.57,  -0.01 
 -0.00, 35.35,  -0.01 
 -0.00, 36.07,  -0.01 
 -0.00, 36.74,  -0.01 
 0.00, 37.37,  -0.01 
 0.00, 37.95,  -0.01 
 0.00, 38.49,  -0.01 
 0.00, 38.99,  -0.01 
 0.00, 39.45,  -0.01 
 0.00, 39.88,  -0.01 
 0.00, 40.27,  -0.01 
 0.00, 40.64,  -0.01 
 0.00, 40.97,  -0.01 
 0.00, 41.28,  -0.01 
 0.00, 41.57,  -0.01 
 0.00, 41.84,  -0.01 
 0.00, 42.08,  -0.01 
 0.00, 42.31,  -0.01 
 0.00, 42.52,  -0.01 
 0.00, 42.71,  -0.01 
 0.00, 42.89,  -0.01 
 0.00, 43.06,  -0.01 
 0.00, 43.21,  -0.01 
 0.00, 43.35,  -0.01 
 0.00, 43.48,  -0.01 
 0.00, 43.60,  -0.01 
 0.00, 43.71,  -0.01 
 0.00, 43.82,  -0.01 
 0.00, 43.91,  -0.01 
 0.00, 44.00,  -0.01 
 0.00, 44.08,  -0.01 
 0.00, 44.15,  -0.01 
 0.00, 44.22,  -0.01 
 0.00, 44.29,  -0.01 
 0.00, 44.35,  -0.01 
 0.00, 44.40,  -0.01 
 0.00, 44.45,  -0.01 
 0.00, 44.50,  -0.01 
 0.00, 44.54,  -0.01 
 0.00, 44.58,  -0.01 
 0.00, 44.62,  -0.01 
 0.00, 44.65,  -0.01 
 0.00, 44.68,  -0.01 
 0.00, 44.71,  -0.01 
 0.00, 44.74,  -0.01 
 0.00, 44.76,  -0.01 
 0.00, 44.79,  -0.01 
 0.00, 44.81,  -0.01 
 0.00, 44.83,  -0.01 
 0.00, 44.84,  -0.01 
 0.00, 44.86,  -0.01 
 0.00, 44.88,  -0.01 
 0.00, 44.89,  -0.01 
 0.00, 44.90,  -0.01 
 0.00, 44.91,  -0.01 
 0.00, 44.93,  -0.01 
 0.00, 44.94,  -0.01 
 0.00, 44.95,  -0.01 
 0.00, 44.95,  -0.01 
 0.00, 44.96,  -0.01 
 0.00, 44.97,  -0.01 
 0.00, 44.98,  -0.01 
 0.00, 44.98,  -0.01 
 0.00, 44.99,  -0.01 
 0.00, 45.00,  -0.01 
 0.00, 45.00,  -0.01 
 0.00, 45.00,  -0.01 
 0.00, 45.01,  -0.01 
 0.00, 45.01,  -0.01 
 0.00, 45.02,  -0.01 
 0.00, 45.02,  -0.01 
 0.00, 45.02,  -0.01 
 0.00, 45.03,  -0.01 
 0.00, 45.03,  -0.01 
 0.00, 45.03,  -0.01 
 0.00, 45.03,  -0.01 
 0.00, 45.04,  -0.01 
 0.00, 45.04,  -0.01 
 0.00, 45.04,  -0.01 
 0.00, 45.04,  -0.01 
 0.00, 45.04,  -0.01 
 0.00, 45.04,  -0.01 
 0.00, 45.05,  -0.01 
 0.00, 45.05,  -0.01 
 0.00, 45.05,  -0.01 
 0.00, 45.05,  -0.01 
 0.00, 45.05,  -0.01 
 0.00, 45.05,  -0.01 
 0.00, 45.05,  -0.01 
 0.00, 45.05,  -0.01 
 0.00, 45.05,  -0.01 
 0.00, 45.05,  -0.01 
 0.00, 45.05,  -0.01 
 0.00, 45.05,  -0.01 
 0.00, 45.06,  -0.01 
 0.00, 45.06,  -0.01 
 0.00, 45.06,  -0.01 
 0.00, 45.06,  -0.01 
 0.00, 45.06,  -0.01 
 0.00, 45.06,  -0.01 
 0.00, 45.06,  -0.01 
 0.00, 45.06,  -0.01 
 0.00, 45.06,  -0.01 
 0.00, 45.06,  -0.01 
 0.00, 45.06,  -0.01 
 0.00, 45.06,  -0.01 
 0.00, 45.06,  -0.01 
 0.00, 45.06,  -0.01 
 0.00, 45.06,  -0.01 
 0.00, 45.06,  -0.01 
 0.00, 45.06,  -0.01 
 0.00, 45.06,  -0.01 
 0.00, 45.06,  -0.01 
 0.00, 45.06,  -0.01 
 0.00, 45.06,  -0.01 
 0.00, 45.06,  -0.01 
 0.00, 45.06,  -0.01 
 0.00, 45.06,  -0.01 
 0.00, 45.06,  -0.01 
 0.00, 45.06,  -0.01 
 0.00, 45.06,  -0.01 
 0.00, 45.06,  -0.01 
 0.00, 45.06,  -0.01 
 0.00, 45.06,  -0.01 
 0.00, 38.54,  -0.01 
 0.01, 31.17,  -0.01 
 0.01, 25.03,  -0.01 
 0.01, 20.49,  -0.00 
 0.01, 17.33,  -0.00 
 0.01, 15.13,  -0.00 
 0.01, 13.55,  -0.00 
 0.01, 12.34,  -0.00 
 0.01, 11.35,  -0.00 
 0.00, 10.49,  -0.00 
 0.00, 9.71,  -0.00 
 0.00, 8.99,  -0.00 
 0.00, 8.32,  -0.00 
 -0.00, 7.69,  -0.00 
 -0.00, 7.11,  -0.00 
 -0.00, 6.57,  -0.00 
 -0.00, 6.07,  -0.00 
 -0.00, 5.61,  -0.00 
 -0.00, 5.18,  -0.00 
 -0.00, 4.79,  -0.00 
 -0.00, 4.42,  -0.00 
 -0.00, 4.09,  -0.00 
 -0.00, 3.78,  -0.00 
 -0.00, 3.49,  -0.00 
 -0.00, 3.22,  -0.00 
 -0.00, 2.98,  -0.00 
 -0.00, 2.75,  -0.00 
 -0.00, 2.54,  -0.00 
 -0.00, 2.35,  -0.00 
 -0.00, 2.17,  -0.00 
 -0.00, 2.00,  -0.00 
 -0.00, 1.85,  -0.00 
 -0.00, 1.71,  -0.00 
 -0.00, 1.58,  -0.00 
 -0.00, 1.46,  -0.00 
 -0.00, 1.35,  -0.00 
 -0.00, 1.24,  -0.00 
 -0.00, 1.15,  -0.00 
 -0.00, 1.06,  -0.00 
 -0.00, 0.98,  -0.00 
 -0.00, 0.91,  -0.00 
 -0.00, 0.84,  -0.00 
 -0.00, 0.77,  -0.00 
 -0.00, 0.71,  -0.00 
 -0.00, 0.66,  -0.00 
 -0.00, 0.61,  -0.00 
 -0.00, 0.56,  -0.00 
 -0.00, 0.52,  -0.00 
 -0.00, 0.48,  -0.00 
 -0.00, 0.44,  -0.00 
 -0.00, 0.41,  -0.00 
 -0.00, 0.38,  -0.00 
 -0.00, 0.35,  -0.00 
 -0.00, 0.32,  -0.00 
 -0.00, 0.30,  -0.00 
 -0.00, 0.28,  -0.00 
 -0.00, 0.25,  -0.00 
 -0.00, 0.23,  -0.00 
 -0.00, 0.22,  -0.00 
 -0.00, 0.20,  -0.00 
 -0.00, 0.18,  -0.00 
 -0.00, 0.17,  -0.00 
 -0.00, 0.16,  -0.00 
 -0.00, 0.15,  -0.00 
 -0.00, 0.13,  -0.00 
 -0.00, 0.12,  -0.00 
 -0.00, 0.11,  -0.00 
 -0.00, 0.11,  -0.00 
 -0.00, 0.10,  -0.00 
 -0.00, 0.09,  -0.00 
 -0.00, 0.08,  -0.00 
 -0.00, 0.08,  -0.00 
 -0.00, 0.07,  -0.00 
 -0.00, 0.07,  -0.00 
 -0.00, 0.06,  -0.00 
 -0.00, 0.06,  -0.00 
 -0.00, 0.05,  -0.00 
 -0.00, 0.05,  -0.00 
 -0.00, 0.04,  -0.00 
 -0.00, 0.04,  -0.00 
 -0.00, 0.04,  -0.00 
 -0.00, 0.03,  -0.00 
 -0.00, 0.03,  -0.00 
 -0.00, 0.03,  -0.00 
 -0.00, 0.03,  -0.00 
 -0.00, 0.02,  -0.00 
 -0.00, 0.02,  -0.00 
 -0.00, 0.02,  -0.00 
 -0.00, 0.02,  -0.00 
 -0.00, 0.02,  -0.00 
 -0.00, 0.02,  -0.00 
 -0.00, 0.01,  -0.00 
 -0.00, 0.01,  -0.00 
 -0.00, 0.01,  -0.00 
 -0.00, 0.01,  -0.00 
 -0.00, 0.01,  -0.00 
 -0.00, 0.01,  -0.00 
 -0.00, 0.01,  -0.00 
 -0.00, 0.01,  -0.00 
 -0.00, 0.01,  -0.00 
 -0.00, 0.01,  -0.00 
 -0.00, 0.01,  -0.00 
 -0.00, 0.01,  -0.00 
 -0.00, 0.00,  -0.00 
 -0.00, 0.00,  -0.00 
 -0.00, 0.00,  -0.00 
 -0.00, 0.00,  -0.00 
 -0.00, 0.00,  -0.00 
 -0.00, 0.00,  -0.00 
 -0.00, 0.00,  -0.00 
 -0.00, 0.00,  -0.00 
 -0.00, 0.00,  -0.00 
 -0.00, 0.00,  -0.00 
 -0.00, 0.00,  -0.00 
 -0.00, 0.00,  -0.00 
 -0.00, 0.00,  -0.00 
 -0.00, 0.00,  -0.00 
 -0.00, 0.00,  -0.00 
 -0.00, 0.00,  -0.00 
 -0.00, 0.00,  -0.00 
 -0.00, 0.00,  -0.00 
 -0.00, 0.00,  -0.00 
 -0.00, 0.00,  -0.00 
 -0.00, 0.00,  -0.00 
 -0.00, -0.00,  0.00 
 -0.00, -0.00,  0.00 
 -0.00, -0.00,  0.00 
 -0.00, -0.00,  0.00 
 -0.00, -0.00,  0.00 
 -0.00, -0.00,  0.00 
 -0.00, -0.00,  0.00 
 -0.00, -0.00,  0.00 
 -0.00, -0.00,  0.00 
############################ 
Stabilization 
############################ 
cmd : 2.94, back to 0deg : 5.0249999999999995
Time stabilization 
cmd : 0.940, back to 0deg : 1.025 
