 0.00, 0.00,  0.00 
 0.00, 0.00,  0.00 
 0.00, 0.00,  0.00 
 0.00, 0.00,  0.00 
 0.00, 0.00,  0.00 
 0.00, 0.00,  0.00 
 0.00, 0.00,  0.00 
 0.00, 0.00,  0.00 
 0.00, 0.00,  0.00 
 0.00, 0.00,  0.00 
 0.00, 0.00,  0.00 
 0.00, 0.00,  0.00 
 0.00, 0.00,  0.00 
 0.00, 0.00,  0.00 
 0.00, 0.00,  0.00 
 0.00, 0.00,  0.00 
 0.00, 0.00,  0.00 
 0.00, 0.00,  0.00 
 0.00, 0.00,  0.00 
 0.00, 0.00,  0.00 
 0.00, 0.00,  0.00 
 0.00, 0.00,  0.00 
 0.00, 0.00,  0.00 
 0.00, 0.00,  0.00 
 0.00, 0.00,  0.00 
 0.00, 0.00,  0.00 
 0.00, 0.00,  0.00 
 0.00, 0.00,  0.00 
 0.00, 0.00,  0.00 
 0.00, 0.00,  0.00 
 0.00, 0.00,  0.00 
 0.00, 0.00,  0.00 
 0.00, 0.00,  0.00 
 0.00, 0.00,  0.00 
 0.00, 0.00,  0.00 
 0.00, 0.00,  0.00 
 0.00, 0.00,  0.00 
 0.00, 0.00,  0.00 
 0.00, 0.00,  0.00 
 0.00, 0.00,  0.00 
 0.00, 0.00,  0.00 
 0.00, 0.00,  0.00 
 0.00, 0.00,  0.00 
 0.00, 0.00,  0.00 
 0.00, 0.00,  0.00 
 0.00, 0.00,  0.00 
 0.00, 0.00,  0.00 
 0.00, 0.00,  0.00 
 0.00, 0.00,  0.00 
 0.00, 0.00,  0.00 
 0.00, 0.00,  0.00 
 0.00, 0.00,  0.00 
 0.00, 0.00,  0.00 
 0.00, 0.00,  0.00 
 0.00, 0.00,  0.00 
 0.00, 0.00,  0.00 
 0.00, 0.00,  0.00 
 0.00, 0.00,  0.00 
 0.00, 0.00,  0.00 
 0.00, 0.00,  0.00 
 0.00, 0.00,  0.00 
 0.00, 0.00,  0.00 
 0.00, 0.00,  0.00 
 0.00, 0.00,  0.00 
 0.00, 0.00,  0.00 
 0.00, 0.00,  0.00 
 0.00, 0.00,  0.00 
 0.00, 0.00,  0.00 
 0.00, 0.00,  0.00 
 0.00, 0.00,  0.00 
 0.00, 0.00,  0.00 
 0.00, 0.00,  0.00 
 0.00, 0.00,  0.00 
 0.00, 0.00,  0.00 
 0.00, 0.00,  0.00 
 0.00, 0.00,  0.00 
 0.00, 0.00,  0.00 
 0.00, 0.00,  0.00 
 0.00, 0.00,  0.00 
 0.00, 0.00,  0.00 
 0.00, 0.00,  0.00 
 0.00, 0.00,  0.00 
 0.00, 0.00,  0.00 
 0.00, 0.00,  0.00 
 0.00, 0.00,  0.00 
 0.00, 0.00,  0.00 
 0.00, 0.00,  0.00 
 0.00, 0.00,  0.00 
 0.00, 0.00,  0.00 
 0.00, 0.00,  0.00 
 0.00, 0.00,  0.00 
 0.00, 0.00,  0.00 
 0.00, 0.00,  0.00 
 0.00, 0.00,  0.00 
 0.00, 0.00,  0.00 
 0.00, 0.00,  0.00 
 0.00, 0.00,  0.00 
 0.00, 0.00,  0.00 
 0.00, 0.00,  0.00 
 0.00, 0.00,  0.00 
 0.00, 0.00,  0.00 
 0.00, 0.00,  0.00 
 0.00, 0.00,  0.00 
 0.00, 0.00,  0.00 
 0.00, 0.00,  0.00 
 0.00, 0.00,  0.00 
 0.00, 0.00,  0.00 
 0.00, 0.00,  0.00 
 0.00, 0.00,  0.00 
 0.00, 0.00,  0.00 
 0.00, 0.00,  0.00 
 0.00, 0.00,  0.00 
 0.00, 0.00,  0.00 
 0.00, 0.00,  0.00 
 0.00, 0.00,  0.00 
 0.00, 0.00,  0.00 
 0.00, 0.00,  0.00 
 0.00, 0.00,  0.00 
 0.00, 0.00,  0.00 
 0.00, 0.00,  0.00 
 0.00, 0.00,  0.00 
 0.00, 0.00,  0.00 
 0.00, 0.00,  0.00 
 0.00, 0.00,  0.00 
 0.00, 0.00,  0.00 
 0.00, 0.00,  0.00 
 0.00, 0.00,  0.00 
 0.00, 0.00,  0.00 
 0.00, 0.00,  0.00 
 0.00, 0.00,  0.00 
 0.00, 0.00,  0.00 
 0.00, 0.00,  0.00 
 0.00, 0.00,  0.00 
 0.00, 0.00,  0.00 
 -0.00, 1.59,  -0.00 
 -0.00, 3.27,  -0.00 
 -0.00, 4.54,  -0.00 
 -0.00, 5.35,  -0.00 
 -0.00, 5.78,  -0.00 
 -0.00, 5.96,  -0.00 
 -0.00, 6.00,  -0.00 
 -0.00, 5.97,  -0.00 
 -0.00, 5.91,  -0.00 
 -0.00, 5.84,  -0.00 
 0.00, 5.77,  -0.00 
 0.00, 5.70,  -0.00 
 0.00, 5.64,  -0.00 
 0.00, 5.59,  -0.00 
 0.00, 5.54,  -0.00 
 0.00, 5.50,  -0.00 
 0.00, 5.46,  -0.00 
 0.00, 5.43,  -0.00 
 0.00, 5.40,  -0.00 
 0.00, 5.37,  -0.00 
 0.00, 5.34,  -0.00 
 0.00, 5.31,  -0.00 
 0.00, 5.29,  -0.00 
 0.00, 5.27,  -0.00 
 0.00, 5.25,  -0.00 
 0.00, 5.23,  -0.00 
 0.00, 5.21,  -0.00 
 0.00, 5.19,  -0.00 
 0.00, 5.18,  -0.00 
 0.00, 5.17,  -0.00 
 0.00, 5.15,  -0.00 
 0.00, 5.14,  -0.00 
 0.00, 5.13,  -0.00 
 0.00, 5.12,  -0.00 
 0.00, 5.11,  -0.00 
 0.00, 5.10,  -0.00 
 0.00, 5.10,  -0.00 
 0.00, 5.09,  -0.00 
 0.00, 5.08,  -0.00 
 0.00, 5.07,  -0.00 
 0.00, 5.07,  -0.00 
 0.00, 5.06,  -0.00 
 0.00, 5.06,  -0.00 
 0.00, 5.05,  -0.00 
 0.00, 5.05,  -0.00 
 0.00, 5.05,  -0.00 
 0.00, 5.04,  -0.00 
 0.00, 5.04,  -0.00 
 0.00, 5.04,  -0.00 
 0.00, 5.03,  -0.00 
 0.00, 5.03,  -0.00 
 0.00, 5.03,  -0.00 
 0.00, 5.03,  -0.00 
 0.00, 5.02,  -0.00 
 0.00, 5.02,  -0.00 
 0.00, 5.02,  -0.00 
 -0.00, 5.02,  -0.00 
 -0.00, 5.02,  -0.00 
 -0.00, 5.02,  -0.00 
 -0.00, 5.02,  -0.00 
 -0.00, 5.01,  -0.00 
 -0.00, 5.01,  -0.00 
 -0.00, 5.01,  -0.00 
 -0.00, 5.01,  -0.00 
 -0.00, 5.01,  -0.00 
 -0.00, 5.01,  -0.00 
 -0.00, 5.01,  -0.00 
 -0.00, 5.01,  -0.00 
 -0.00, 5.01,  -0.00 
 -0.00, 5.01,  -0.00 
 -0.00, 5.01,  -0.00 
 -0.00, 5.01,  -0.00 
 -0.00, 5.01,  -0.00 
 -0.00, 5.01,  -0.00 
 -0.00, 5.00,  -0.00 
 -0.00, 5.00,  -0.00 
 -0.00, 5.00,  -0.00 
 -0.00, 5.00,  -0.00 
 -0.00, 5.00,  -0.00 
 -0.00, 5.00,  -0.00 
 -0.00, 5.00,  -0.00 
 -0.00, 5.00,  -0.00 
 -0.00, 5.00,  -0.00 
 -0.00, 5.00,  -0.00 
 -0.00, 5.00,  -0.00 
 -0.00, 5.00,  -0.00 
 -0.00, 5.00,  -0.00 
 -0.00, 5.00,  -0.00 
 -0.00, 5.00,  -0.00 
 -0.00, 5.00,  -0.00 
 -0.00, 5.00,  -0.00 
 -0.00, 5.00,  -0.00 
 -0.00, 5.00,  -0.00 
 -0.00, 5.00,  -0.00 
 -0.00, 5.00,  -0.00 
 -0.00, 5.00,  -0.00 
 -0.00, 5.00,  -0.00 
 -0.00, 5.00,  -0.00 
 -0.00, 5.00,  -0.00 
 -0.00, 5.00,  -0.00 
 -0.00, 5.00,  -0.00 
 -0.00, 5.00,  -0.00 
 -0.00, 5.00,  -0.00 
 -0.00, 5.00,  -0.00 
 -0.00, 5.00,  -0.00 
 -0.00, 5.00,  -0.00 
 -0.00, 5.00,  -0.00 
 -0.00, 5.00,  -0.00 
 -0.00, 5.00,  -0.00 
 -0.00, 5.00,  -0.00 
 -0.00, 5.00,  -0.00 
 -0.00, 5.00,  -0.00 
 -0.00, 5.00,  -0.00 
 -0.00, 5.00,  -0.00 
 -0.00, 5.00,  -0.00 
 -0.00, 5.00,  -0.00 
 -0.00, 5.00,  -0.00 
 -0.00, 5.00,  -0.00 
 -0.00, 5.00,  -0.00 
 -0.00, 5.00,  -0.00 
 -0.00, 5.00,  -0.00 
 -0.00, 5.00,  -0.00 
 -0.00, 5.00,  -0.00 
 -0.00, 5.00,  -0.00 
 -0.00, 5.00,  -0.00 
 -0.00, 5.00,  -0.00 
 -0.00, 5.00,  -0.00 
 -0.00, 5.00,  -0.00 
 -0.00, 5.00,  -0.00 
 -0.00, 5.00,  -0.00 
 -0.00, 5.00,  -0.00 
 -0.00, 5.00,  -0.00 
 -0.00, 5.00,  -0.00 
 0.00, 3.41,  -0.00 
 0.00, 1.73,  -0.00 
 0.00, 0.46,  -0.00 
 0.00, -0.35,  0.00 
 0.00, -0.78,  0.00 
 0.00, -0.96,  0.00 
 0.00, -1.00,  0.00 
 0.00, -0.97,  0.00 
 0.00, -0.91,  0.00 
 0.00, -0.84,  0.00 
 -0.00, -0.77,  0.00 
 -0.00, -0.70,  0.00 
 -0.00, -0.64,  0.00 
 -0.00, -0.59,  0.00 
 -0.00, -0.54,  0.00 
 -0.00, -0.50,  0.00 
 -0.00, -0.46,  0.00 
 -0.00, -0.43,  0.00 
 -0.00, -0.40,  0.00 
 -0.00, -0.37,  0.00 
 -0.00, -0.34,  0.00 
 -0.00, -0.31,  0.00 
 -0.00, -0.29,  0.00 
 -0.00, -0.27,  0.00 
 -0.00, -0.25,  0.00 
 -0.00, -0.23,  0.00 
 -0.00, -0.21,  0.00 
 -0.00, -0.19,  0.00 
 -0.00, -0.18,  0.00 
 -0.00, -0.17,  0.00 
 -0.00, -0.15,  0.00 
 -0.00, -0.14,  0.00 
 -0.00, -0.13,  0.00 
 -0.00, -0.12,  0.00 
 -0.00, -0.11,  0.00 
 -0.00, -0.10,  0.00 
 -0.00, -0.10,  0.00 
 -0.00, -0.09,  0.00 
 -0.00, -0.08,  0.00 
 -0.00, -0.07,  0.00 
 -0.00, -0.07,  0.00 
 -0.00, -0.06,  0.00 
 -0.00, -0.06,  0.00 
 -0.00, -0.05,  0.00 
 -0.00, -0.05,  0.00 
 -0.00, -0.05,  0.00 
 -0.00, -0.04,  0.00 
 -0.00, -0.04,  0.00 
 -0.00, -0.04,  0.00 
 -0.00, -0.03,  0.00 
 -0.00, -0.03,  0.00 
 -0.00, -0.03,  0.00 
 -0.00, -0.03,  0.00 
 -0.00, -0.02,  0.00 
 -0.00, -0.02,  0.00 
 -0.00, -0.02,  0.00 
 0.00, -0.02,  0.00 
 0.00, -0.02,  0.00 
 0.00, -0.02,  0.00 
 0.00, -0.02,  0.00 
 0.00, -0.01,  0.00 
 0.00, -0.01,  0.00 
 0.00, -0.01,  0.00 
 0.00, -0.01,  0.00 
 0.00, -0.01,  0.00 
 0.00, -0.01,  0.00 
 0.00, -0.01,  0.00 
 0.00, -0.01,  0.00 
 0.00, -0.01,  0.00 
 0.00, -0.01,  0.00 
 0.00, -0.01,  0.00 
 0.00, -0.01,  0.00 
 0.00, -0.01,  0.00 
 0.00, -0.01,  0.00 
 0.00, -0.00,  0.00 
 0.00, -0.00,  0.00 
 0.00, -0.00,  0.00 
 0.00, -0.00,  0.00 
 0.00, -0.00,  0.00 
 0.00, -0.00,  0.00 
 0.00, -0.00,  0.00 
 0.00, -0.00,  0.00 
 0.00, -0.00,  0.00 
 0.00, -0.00,  0.00 
 0.00, -0.00,  0.00 
 0.00, -0.00,  0.00 
 0.00, -0.00,  0.00 
 0.00, -0.00,  0.00 
 0.00, -0.00,  0.00 
 0.00, -0.00,  0.00 
 0.00, -0.00,  0.00 
 0.00, -0.00,  0.00 
 0.00, -0.00,  0.00 
 0.00, -0.00,  0.00 
 0.00, -0.00,  0.00 
 0.00, -0.00,  0.00 
 0.00, -0.00,  0.00 
 0.00, -0.00,  0.00 
 0.00, -0.00,  0.00 
 0.00, -0.00,  0.00 
 0.00, -0.00,  0.00 
 0.00, -0.00,  0.00 
 0.00, -0.00,  0.00 
 0.00, -0.00,  0.00 
 0.00, -0.00,  0.00 
 0.00, -0.00,  0.00 
 0.00, -0.00,  0.00 
 0.00, -0.00,  0.00 
 0.00, -0.00,  0.00 
 0.00, -0.00,  0.00 
 0.00, -0.00,  0.00 
 0.00, -0.00,  0.00 
 0.00, -0.00,  0.00 
 0.00, -0.00,  0.00 
 0.00, -0.00,  0.00 
 0.00, -0.00,  0.00 
 0.00, -0.00,  0.00 
 0.00, -0.00,  0.00 
 0.00, -0.00,  0.00 
 0.00, -0.00,  0.00 
 0.00, -0.00,  0.00 
 0.00, -0.00,  0.00 
 0.00, -0.00,  0.00 
 0.00, -0.00,  0.00 
 0.00, -0.00,  0.00 
 0.00, -0.00,  0.00 
 0.00, -0.00,  0.00 
 0.00, -0.00,  0.00 
 0.00, -0.00,  0.00 
 0.00, -0.00,  0.00 
 0.00, -0.00,  0.00 
 0.00, -0.00,  0.00 
 0.00, -0.00,  0.00 
############################ 
Stabilization 
############################ 
cmd : 2.55, back to 0deg : 4.545
Time stabilization 
cmd : 0.550, back to 0deg : 0.545 
