 0.00, 0.00,  0.00 
 0.00, 0.00,  0.00 
 0.00, 0.00,  0.00 
 0.00, 0.00,  0.00 
 0.00, 0.00,  0.00 
 0.00, 0.00,  0.00 
 0.00, 0.00,  0.00 
 0.00, 0.00,  0.00 
 0.00, 0.00,  0.00 
 0.00, 0.00,  0.00 
 0.00, 0.00,  0.00 
 0.00, 0.00,  0.00 
 0.00, 0.00,  0.00 
 0.00, 0.00,  0.00 
 0.00, 0.00,  0.00 
 0.00, 0.00,  0.00 
 0.00, 0.00,  0.00 
 0.00, 0.00,  0.00 
 0.00, 0.00,  0.00 
 0.00, 0.00,  0.00 
 0.00, 0.00,  0.00 
 0.00, 0.00,  0.00 
 0.00, 0.00,  0.00 
 0.00, 0.00,  0.00 
 0.00, 0.00,  0.00 
 0.00, 0.00,  0.00 
 0.00, 0.00,  0.00 
 0.00, 0.00,  0.00 
 0.00, 0.00,  0.00 
 0.00, 0.00,  0.00 
 0.00, 0.00,  0.00 
 0.00, 0.00,  0.00 
 0.00, 0.00,  0.00 
 0.00, 0.00,  0.00 
 0.00, 0.00,  0.00 
 0.00, 0.00,  0.00 
 0.00, 0.00,  0.00 
 0.00, 0.00,  0.00 
 0.00, 0.00,  0.00 
 0.00, 0.00,  0.00 
 0.00, 0.00,  0.00 
 0.00, 0.00,  0.00 
 0.00, 0.00,  0.00 
 0.00, 0.00,  0.00 
 0.00, 0.00,  0.00 
 0.00, 0.00,  0.00 
 0.00, 0.00,  0.00 
 0.00, 0.00,  0.00 
 0.00, 0.00,  0.00 
 0.00, 0.00,  0.00 
 0.00, 0.00,  0.00 
 0.00, 0.00,  0.00 
 0.00, 0.00,  0.00 
 0.00, 0.00,  0.00 
 0.00, 0.00,  0.00 
 0.00, 0.00,  0.00 
 0.00, 0.00,  0.00 
 0.00, 0.00,  0.00 
 0.00, 0.00,  0.00 
 0.00, 0.00,  0.00 
 0.00, 0.00,  0.00 
 0.00, 0.00,  0.00 
 0.00, 0.00,  0.00 
 0.00, 0.00,  0.00 
 0.00, 0.00,  0.00 
 0.00, 0.00,  0.00 
 0.00, 0.00,  0.00 
 0.00, 0.00,  0.00 
 0.00, 0.00,  0.00 
 0.00, 0.00,  0.00 
 0.00, 0.00,  0.00 
 0.00, 0.00,  0.00 
 0.00, 0.00,  0.00 
 0.00, 0.00,  0.00 
 0.00, 0.00,  0.00 
 0.00, 0.00,  0.00 
 0.00, 0.00,  0.00 
 0.00, 0.00,  0.00 
 0.00, 0.00,  0.00 
 0.00, 0.00,  0.00 
 0.00, 0.00,  0.00 
 0.00, 0.00,  0.00 
 0.00, 0.00,  0.00 
 0.00, 0.00,  0.00 
 0.00, 0.00,  0.00 
 0.00, 0.00,  0.00 
 0.00, 0.00,  0.00 
 0.00, 0.00,  0.00 
 0.00, 0.00,  0.00 
 0.00, 0.00,  0.00 
 0.00, 0.00,  0.00 
 0.00, 0.00,  0.00 
 0.00, 0.00,  0.00 
 0.00, 0.00,  0.00 
 0.00, 0.00,  0.00 
 0.00, 0.00,  0.00 
 0.00, 0.00,  0.00 
 0.00, 0.00,  0.00 
 0.00, 0.00,  0.00 
 0.00, 0.00,  0.00 
 0.00, 0.00,  0.00 
 0.00, 0.00,  0.00 
 0.00, 0.00,  0.00 
 0.00, 0.00,  0.00 
 0.00, 0.00,  0.00 
 0.00, 0.00,  0.00 
 0.00, 0.00,  0.00 
 0.00, 0.00,  0.00 
 0.00, 0.00,  0.00 
 0.00, 0.00,  0.00 
 0.00, 0.00,  0.00 
 0.00, 0.00,  0.00 
 0.00, 0.00,  0.00 
 0.00, 0.00,  0.00 
 0.00, 0.00,  0.00 
 0.00, 0.00,  0.00 
 0.00, 0.00,  0.00 
 0.00, 0.00,  0.00 
 0.00, 0.00,  0.00 
 0.00, 0.00,  0.00 
 0.00, 0.00,  0.00 
 0.00, 0.00,  0.00 
 0.00, 0.00,  0.00 
 0.00, 0.00,  0.00 
 0.00, 0.00,  0.00 
 0.00, 0.00,  0.00 
 0.00, 0.00,  0.00 
 0.00, 0.00,  0.00 
 0.00, 0.00,  0.00 
 0.00, 0.00,  0.00 
 0.00, 0.00,  0.00 
 0.00, 0.00,  0.00 
 0.00, 0.00,  0.00 
 0.00, 0.00,  0.00 
 0.95, -0.00,  -0.00 
 1.95, -0.00,  -0.00 
 2.83, -0.00,  -0.00 
 3.56, -0.00,  -0.00 
 4.15, -0.00,  -0.00 
 4.64, -0.00,  -0.00 
 5.02, -0.00,  -0.00 
 5.32, -0.00,  -0.00 
 5.55, -0.00,  -0.00 
 5.73, -0.00,  -0.00 
 5.85, -0.00,  -0.00 
 5.94, -0.00,  -0.00 
 6.00, -0.00,  -0.00 
 6.03, -0.00,  -0.00 
 6.04, 0.00,  -0.00 
 6.03, 0.00,  -0.00 
 6.01, 0.00,  -0.00 
 5.98, 0.00,  -0.00 
 5.95, 0.00,  -0.00 
 5.90, 0.00,  -0.00 
 5.86, 0.00,  -0.00 
 5.81, 0.00,  -0.00 
 5.76, 0.00,  -0.00 
 5.71, 0.00,  -0.00 
 5.66, 0.00,  -0.00 
 5.62, 0.00,  -0.00 
 5.57, 0.00,  -0.00 
 5.53, 0.00,  -0.00 
 5.48, 0.00,  -0.00 
 5.45, 0.00,  -0.00 
 5.41, 0.00,  -0.00 
 5.37, 0.00,  -0.00 
 5.34, 0.00,  -0.00 
 5.31, 0.00,  -0.00 
 5.28, 0.00,  -0.00 
 5.26, 0.00,  -0.00 
 5.23, 0.00,  -0.00 
 5.21, 0.00,  -0.00 
 5.19, 0.00,  -0.00 
 5.17, 0.00,  -0.00 
 5.15, 0.00,  -0.00 
 5.14, 0.00,  -0.00 
 5.12, 0.00,  -0.00 
 5.11, 0.00,  -0.00 
 5.10, 0.00,  -0.00 
 5.09, 0.00,  -0.00 
 5.08, 0.00,  -0.00 
 5.07, 0.00,  -0.00 
 5.06, 0.00,  -0.00 
 5.06, 0.00,  -0.00 
 5.05, 0.00,  -0.00 
 5.04, 0.00,  -0.00 
 5.04, 0.00,  -0.00 
 5.03, 0.00,  -0.00 
 5.03, 0.00,  -0.00 
 5.03, 0.00,  -0.00 
 5.02, 0.00,  -0.00 
 5.02, 0.00,  -0.00 
 5.02, 0.00,  -0.00 
 5.02, 0.00,  -0.00 
 5.01, 0.00,  -0.00 
 5.01, 0.00,  -0.00 
 5.01, 0.00,  -0.00 
 5.01, 0.00,  -0.00 
 5.01, 0.00,  -0.00 
 5.01, 0.00,  -0.00 
 5.01, 0.00,  -0.00 
 5.01, 0.00,  -0.00 
 5.00, 0.00,  -0.00 
 5.00, 0.00,  -0.00 
 5.00, 0.00,  -0.00 
 5.00, 0.00,  -0.00 
 5.00, 0.00,  -0.00 
 5.00, 0.00,  -0.00 
 5.00, 0.00,  -0.00 
 5.00, 0.00,  -0.00 
 5.00, 0.00,  -0.00 
 5.00, 0.00,  -0.00 
 5.00, 0.00,  -0.00 
 5.00, 0.00,  -0.00 
 5.00, 0.00,  -0.00 
 5.00, 0.00,  -0.00 
 5.00, 0.00,  -0.00 
 5.00, 0.00,  -0.00 
 5.00, 0.00,  -0.00 
 5.00, 0.00,  -0.00 
 5.00, 0.00,  -0.00 
 5.00, 0.00,  -0.00 
 5.00, 0.00,  -0.00 
 5.00, 0.00,  -0.00 
 5.00, 0.00,  -0.00 
 5.00, 0.00,  -0.00 
 5.00, 0.00,  -0.00 
 5.00, 0.00,  -0.00 
 5.00, 0.00,  -0.00 
 5.00, 0.00,  -0.00 
 5.00, 0.00,  -0.00 
 5.00, 0.00,  -0.00 
 5.00, 0.00,  -0.00 
 5.00, 0.00,  -0.00 
 5.00, 0.00,  -0.00 
 5.00, 0.00,  -0.00 
 5.00, 0.00,  -0.00 
 5.00, 0.00,  -0.00 
 5.00, 0.00,  -0.00 
 5.00, 0.00,  -0.00 
 5.00, 0.00,  -0.00 
 5.00, 0.00,  -0.00 
 5.00, 0.00,  -0.00 
 5.00, 0.00,  -0.00 
 5.00, 0.00,  -0.00 
 5.00, 0.00,  -0.00 
 5.00, 0.00,  -0.00 
 5.00, 0.00,  -0.00 
 5.00, 0.00,  -0.00 
 5.00, 0.00,  -0.00 
 5.00, 0.00,  -0.00 
 5.00, 0.00,  -0.00 
 5.00, 0.00,  -0.00 
 5.00, 0.00,  -0.00 
 5.00, 0.00,  -0.00 
 5.00, 0.00,  -0.00 
 5.00, 0.00,  -0.00 
 5.00, 0.00,  -0.00 
 5.00, 0.00,  -0.00 
 5.00, 0.00,  -0.00 
 5.00, 0.00,  -0.00 
 5.00, 0.00,  -0.00 
 5.00, 0.00,  -0.00 
 5.00, 0.00,  -0.00 
 5.00, 0.00,  -0.00 
 5.00, 0.00,  -0.00 
 5.00, 0.00,  -0.00 
 4.05, 0.00,  -0.00 
 3.05, 0.00,  -0.00 
 2.17, 0.00,  -0.00 
 1.44, 0.00,  -0.00 
 0.85, 0.00,  -0.00 
 0.36, 0.00,  -0.00 
 -0.02, 0.00,  0.00 
 -0.32, 0.00,  0.00 
 -0.55, 0.00,  0.00 
 -0.73, 0.00,  0.00 
 -0.85, 0.00,  0.00 
 -0.94, 0.00,  0.00 
 -1.00, 0.00,  0.00 
 -1.03, 0.00,  0.00 
 -1.04, -0.00,  0.00 
 -1.03, -0.00,  0.00 
 -1.01, -0.00,  0.00 
 -0.98, -0.00,  0.00 
 -0.95, -0.00,  0.00 
 -0.90, -0.00,  0.00 
 -0.86, -0.00,  0.00 
 -0.81, -0.00,  0.00 
 -0.76, -0.00,  0.00 
 -0.71, -0.00,  0.00 
 -0.66, -0.00,  0.00 
 -0.62, -0.00,  0.00 
 -0.57, -0.00,  0.00 
 -0.53, -0.00,  0.00 
 -0.48, -0.00,  0.00 
 -0.45, -0.00,  0.00 
 -0.41, -0.00,  0.00 
 -0.37, -0.00,  0.00 
 -0.34, -0.00,  0.00 
 -0.31, -0.00,  0.00 
 -0.28, -0.00,  0.00 
 -0.26, -0.00,  0.00 
 -0.23, -0.00,  0.00 
 -0.21, -0.00,  0.00 
 -0.19, -0.00,  0.00 
 -0.17, -0.00,  0.00 
 -0.15, -0.00,  0.00 
 -0.14, -0.00,  0.00 
 -0.12, -0.00,  0.00 
 -0.11, -0.00,  0.00 
 -0.10, -0.00,  0.00 
 -0.09, -0.00,  0.00 
 -0.08, -0.00,  0.00 
 -0.07, -0.00,  0.00 
 -0.06, -0.00,  0.00 
 -0.06, -0.00,  0.00 
 -0.05, -0.00,  0.00 
 -0.04, -0.00,  0.00 
 -0.04, -0.00,  0.00 
 -0.03, -0.00,  0.00 
 -0.03, -0.00,  0.00 
 -0.03, -0.00,  0.00 
 -0.02, -0.00,  0.00 
 -0.02, -0.00,  0.00 
 -0.02, -0.00,  0.00 
 -0.02, -0.00,  0.00 
 -0.01, -0.00,  0.00 
 -0.01, -0.00,  0.00 
 -0.01, -0.00,  0.00 
 -0.01, -0.00,  0.00 
 -0.01, -0.00,  0.00 
 -0.01, -0.00,  0.00 
 -0.01, -0.00,  0.00 
 -0.01, -0.00,  0.00 
 -0.00, -0.00,  0.00 
 -0.00, -0.00,  0.00 
 -0.00, -0.00,  0.00 
 -0.00, -0.00,  0.00 
 -0.00, -0.00,  0.00 
 -0.00, -0.00,  0.00 
 -0.00, -0.00,  0.00 
 -0.00, -0.00,  0.00 
 -0.00, -0.00,  0.00 
 -0.00, -0.00,  0.00 
 -0.00, -0.00,  0.00 
 -0.00, -0.00,  0.00 
 -0.00, -0.00,  0.00 
 -0.00, -0.00,  0.00 
 -0.00, -0.00,  0.00 
 -0.00, -0.00,  0.00 
 -0.00, -0.00,  0.00 
 -0.00, -0.00,  0.00 
 -0.00, -0.00,  0.00 
 -0.00, -0.00,  0.00 
 -0.00, -0.00,  0.00 
 -0.00, -0.00,  0.00 
 -0.00, -0.00,  0.00 
 -0.00, -0.00,  0.00 
 -0.00, -0.00,  0.00 
 -0.00, -0.00,  0.00 
 -0.00, -0.00,  0.00 
 -0.00, -0.00,  0.00 
 -0.00, -0.00,  0.00 
 -0.00, -0.00,  0.00 
 0.00, -0.00,  0.00 
 0.00, -0.00,  0.00 
 0.00, -0.00,  0.00 
 0.00, -0.00,  0.00 
 0.00, -0.00,  0.00 
 0.00, -0.00,  0.00 
 0.00, -0.00,  0.00 
 0.00, -0.00,  0.00 
 0.00, -0.00,  0.00 
 0.00, -0.00,  0.00 
 0.00, -0.00,  0.00 
 0.00, -0.00,  0.00 
 0.00, -0.00,  0.00 
 0.00, -0.00,  0.00 
 0.00, -0.00,  0.00 
 0.00, -0.00,  0.00 
 0.00, -0.00,  0.00 
 0.00, -0.00,  0.00 
 0.00, -0.00,  0.00 
 0.00, -0.00,  0.00 
 0.00, -0.00,  0.00 
 0.00, -0.00,  0.00 
 0.00, -0.00,  0.00 
 0.00, -0.00,  0.00 
 0.00, -0.00,  0.00 
 0.00, -0.00,  0.00 
 0.00, -0.00,  0.00 
 0.00, -0.00,  0.00 
 0.00, -0.00,  0.00 
 0.00, -0.00,  0.00 
 0.00, -0.00,  0.00 
 0.00, -0.00,  0.00 
 0.00, -0.00,  0.00 
 0.00, -0.00,  0.00 
 0.00, -0.00,  0.00 
############################ 
Stabilization 
############################ 
cmd : 2.67, back to 0deg : 4.665
Time stabilization 
cmd : 0.670, back to 0deg : 0.665 
