 0.00, 0.00,  0.00 
 0.00, 0.00,  0.00 
 0.00, 0.00,  0.00 
 0.00, 0.00,  0.00 
 0.00, 0.00,  0.00 
 0.00, 0.00,  0.00 
 0.00, 0.00,  0.00 
 0.00, 0.00,  0.00 
 0.00, 0.00,  0.00 
 0.00, 0.00,  0.00 
 0.00, 0.00,  0.00 
 0.00, 0.00,  0.00 
 0.00, 0.00,  0.00 
 0.00, 0.00,  0.00 
 0.00, 0.00,  0.00 
 0.00, 0.00,  0.00 
 0.00, 0.00,  0.00 
 0.00, 0.00,  0.00 
 0.00, 0.00,  0.00 
 0.00, 0.00,  0.00 
 0.00, 0.00,  0.00 
 0.00, 0.00,  0.00 
 0.00, 0.00,  0.00 
 0.00, 0.00,  0.00 
 0.00, 0.00,  0.00 
 0.00, 0.00,  0.00 
 0.00, 0.00,  0.00 
 0.00, 0.00,  0.00 
 0.00, 0.00,  0.00 
 0.00, 0.00,  0.00 
 0.00, 0.00,  0.00 
 0.00, 0.00,  0.00 
 0.00, 0.00,  0.00 
 0.00, 0.00,  0.00 
 0.00, 0.00,  0.00 
 0.00, 0.00,  0.00 
 0.00, 0.00,  0.00 
 0.00, 0.00,  0.00 
 0.00, 0.00,  0.00 
 0.00, 0.00,  0.00 
 0.00, 0.00,  0.00 
 0.00, 0.00,  0.00 
 0.00, 0.00,  0.00 
 0.00, 0.00,  0.00 
 0.00, 0.00,  0.00 
 0.00, 0.00,  0.00 
 0.00, 0.00,  0.00 
 0.00, 0.00,  0.00 
 0.00, 0.00,  0.00 
 0.00, 0.00,  0.00 
 0.00, 0.00,  0.00 
 0.00, 0.00,  0.00 
 0.00, 0.00,  0.00 
 0.00, 0.00,  0.00 
 0.00, 0.00,  0.00 
 0.00, 0.00,  0.00 
 0.00, 0.00,  0.00 
 0.00, 0.00,  0.00 
 0.00, 0.00,  0.00 
 0.00, 0.00,  0.00 
 0.00, 0.00,  0.00 
 0.00, 0.00,  0.00 
 0.00, 0.00,  0.00 
 0.00, 0.00,  0.00 
 0.00, 0.00,  0.00 
 0.00, 0.00,  0.00 
 0.00, 0.00,  0.00 
 0.00, 0.00,  0.00 
 0.00, 0.00,  0.00 
 0.00, 0.00,  0.00 
 0.00, 0.00,  0.00 
 0.00, 0.00,  0.00 
 0.00, 0.00,  0.00 
 0.00, 0.00,  0.00 
 0.00, 0.00,  0.00 
 0.00, 0.00,  0.00 
 0.00, 0.00,  0.00 
 0.00, 0.00,  0.00 
 0.00, 0.00,  0.00 
 0.00, 0.00,  0.00 
 0.00, 0.00,  0.00 
 0.00, 0.00,  0.00 
 0.00, 0.00,  0.00 
 0.00, 0.00,  0.00 
 0.00, 0.00,  0.00 
 0.00, 0.00,  0.00 
 0.00, 0.00,  0.00 
 0.00, 0.00,  0.00 
 0.00, 0.00,  0.00 
 0.00, 0.00,  0.00 
 0.00, 0.00,  0.00 
 0.00, 0.00,  0.00 
 0.00, 0.00,  0.00 
 0.00, 0.00,  0.00 
 0.00, 0.00,  0.00 
 0.00, 0.00,  0.00 
 0.00, 0.00,  0.00 
 0.00, 0.00,  0.00 
 0.00, 0.00,  0.00 
 0.00, 0.00,  0.00 
 0.00, 0.00,  0.00 
 0.00, 0.00,  0.00 
 0.00, 0.00,  0.00 
 0.00, 0.00,  0.00 
 0.00, 0.00,  0.00 
 0.00, 0.00,  0.00 
 0.00, 0.00,  0.00 
 0.00, 0.00,  0.00 
 0.00, 0.00,  0.00 
 0.00, 0.00,  0.00 
 0.00, 0.00,  0.00 
 0.00, 0.00,  0.00 
 0.00, 0.00,  0.00 
 0.00, 0.00,  0.00 
 0.00, 0.00,  0.00 
 0.00, 0.00,  0.00 
 0.00, 0.00,  0.00 
 0.00, 0.00,  0.00 
 0.00, 0.00,  0.00 
 0.00, 0.00,  0.00 
 0.00, 0.00,  0.00 
 0.00, 0.00,  0.00 
 0.00, 0.00,  0.00 
 0.00, 0.00,  0.00 
 0.00, 0.00,  0.00 
 0.00, 0.00,  0.00 
 0.00, 0.00,  0.00 
 0.00, 0.00,  0.00 
 0.00, 0.00,  0.00 
 0.00, 0.00,  0.00 
 0.00, 0.00,  0.00 
 0.00, 0.00,  0.00 
 0.00, 0.00,  0.00 
 0.00, 0.00,  0.00 
 2.47, -0.00,  -0.00 
 5.43, -0.01,  -0.00 
 8.40, -0.01,  -0.00 
 11.27, -0.01,  -0.00 
 14.00, -0.01,  -0.00 
 16.58, -0.01,  -0.00 
 19.00, -0.01,  -0.00 
 21.27, -0.01,  -0.00 
 23.38, -0.01,  -0.00 
 25.34, -0.01,  -0.00 
 27.16, -0.01,  -0.00 
 28.83, -0.01,  -0.00 
 30.38, -0.01,  -0.00 
 31.80, -0.01,  -0.00 
 33.09, -0.01,  -0.00 
 34.28, -0.01,  -0.00 
 35.36, -0.00,  -0.00 
 36.35, -0.00,  -0.00 
 37.25, -0.00,  -0.00 
 38.06, -0.00,  -0.00 
 38.80, -0.00,  -0.00 
 39.46, -0.00,  -0.00 
 40.06, 0.00,  -0.00 
 40.61, 0.00,  -0.00 
 41.09, 0.00,  -0.00 
 41.53, 0.00,  -0.00 
 41.93, 0.00,  -0.00 
 42.28, 0.00,  -0.00 
 42.60, 0.00,  -0.00 
 42.88, 0.00,  -0.00 
 43.13, 0.00,  -0.00 
 43.36, 0.00,  -0.00 
 43.56, 0.00,  -0.00 
 43.74, 0.00,  -0.00 
 43.89, 0.00,  -0.00 
 44.04, 0.00,  -0.00 
 44.16, 0.00,  -0.00 
 44.27, 0.00,  -0.00 
 44.37, 0.00,  -0.00 
 44.46, 0.00,  -0.00 
 44.53, 0.00,  -0.00 
 44.60, 0.00,  -0.00 
 44.66, 0.00,  -0.00 
 44.71, 0.00,  -0.00 
 44.76, 0.00,  -0.00 
 44.80, 0.00,  -0.00 
 44.83, 0.00,  -0.00 
 44.86, 0.00,  -0.00 
 44.89, 0.00,  -0.00 
 44.91, 0.00,  -0.00 
 44.93, 0.00,  -0.00 
 44.95, 0.00,  -0.00 
 44.97, 0.00,  -0.00 
 44.98, 0.00,  -0.00 
 44.99, 0.00,  -0.00 
 45.00, 0.00,  -0.00 
 45.01, 0.00,  -0.00 
 45.02, 0.00,  -0.00 
 45.02, 0.00,  -0.00 
 45.03, 0.00,  -0.00 
 45.03, 0.00,  -0.00 
 45.04, 0.00,  -0.00 
 45.04, 0.00,  -0.00 
 45.04, 0.00,  -0.00 
 45.05, 0.00,  -0.00 
 45.05, 0.00,  -0.00 
 45.05, 0.00,  -0.00 
 45.05, 0.00,  -0.00 
 45.05, 0.00,  -0.00 
 45.05, 0.00,  -0.00 
 45.05, 0.00,  -0.00 
 45.06, 0.00,  -0.00 
 45.06, 0.00,  -0.00 
 45.06, 0.00,  -0.00 
 45.06, 0.00,  -0.00 
 45.06, 0.00,  -0.00 
 45.06, 0.00,  -0.00 
 45.06, 0.00,  -0.00 
 45.06, 0.00,  -0.00 
 45.06, 0.00,  -0.00 
 45.06, 0.00,  -0.00 
 45.06, 0.00,  -0.00 
 45.06, 0.00,  -0.00 
 45.06, 0.00,  -0.00 
 45.06, 0.00,  -0.00 
 45.06, 0.00,  -0.00 
 45.06, 0.00,  -0.00 
 45.06, 0.00,  -0.00 
 45.06, 0.00,  -0.00 
 45.06, 0.00,  -0.00 
 45.06, 0.00,  -0.00 
 45.06, 0.00,  -0.00 
 45.06, 0.00,  -0.00 
 45.06, 0.00,  -0.00 
 45.06, 0.00,  -0.00 
 45.06, 0.00,  -0.00 
 45.06, 0.00,  -0.00 
 45.06, 0.00,  -0.00 
 45.06, 0.00,  -0.00 
 45.06, 0.00,  -0.00 
 45.06, 0.00,  -0.00 
 45.06, 0.00,  -0.00 
 45.06, 0.00,  -0.00 
 45.06, 0.00,  -0.00 
 45.06, 0.00,  -0.00 
 45.06, 0.00,  -0.00 
 45.06, 0.00,  -0.00 
 45.06, 0.00,  -0.00 
 45.06, 0.00,  -0.00 
 45.06, 0.00,  -0.00 
 45.06, 0.00,  -0.00 
 45.06, 0.00,  -0.00 
 45.06, 0.00,  -0.00 
 45.06, 0.00,  -0.00 
 45.06, 0.00,  -0.00 
 45.06, 0.00,  -0.00 
 45.06, 0.00,  -0.00 
 45.06, 0.00,  -0.00 
 45.06, 0.00,  -0.00 
 45.06, 0.00,  -0.00 
 45.06, 0.00,  -0.00 
 45.06, 0.00,  -0.00 
 45.06, 0.00,  -0.00 
 45.06, 0.00,  -0.00 
 45.06, 0.00,  -0.00 
 45.06, 0.00,  -0.00 
 45.06, 0.00,  -0.00 
 45.06, 0.00,  -0.00 
 45.06, 0.00,  -0.00 
 45.06, 0.00,  -0.00 
 45.06, 0.00,  -0.00 
 45.06, 0.00,  -0.00 
 45.06, 0.00,  -0.00 
 42.58, 0.00,  -0.00 
 39.62, 0.01,  -0.00 
 36.65, 0.01,  -0.00 
 33.78, 0.01,  -0.00 
 31.06, 0.01,  -0.00 
 28.48, 0.01,  -0.00 
 26.06, 0.01,  -0.00 
 23.79, 0.01,  -0.00 
 21.68, 0.01,  -0.00 
 19.71, 0.01,  -0.00 
 17.90, 0.01,  -0.00 
 16.22, 0.01,  -0.00 
 14.68, 0.01,  -0.00 
 13.26, 0.01,  -0.00 
 11.96, 0.01,  -0.00 
 10.77, 0.01,  -0.00 
 9.69, 0.00,  -0.00 
 8.71, 0.00,  -0.00 
 7.81, 0.00,  -0.00 
 7.00, 0.00,  -0.00 
 6.26, 0.00,  -0.00 
 5.59, 0.00,  -0.00 
 4.99, -0.00,  -0.00 
 4.45, -0.00,  -0.00 
 3.96, -0.00,  -0.00 
 3.52, -0.00,  -0.00 
 3.13, -0.00,  -0.00 
 2.78, -0.00,  -0.00 
 2.46, -0.00,  -0.00 
 2.18, -0.00,  -0.00 
 1.92, -0.00,  -0.00 
 1.70, -0.00,  -0.00 
 1.50, -0.00,  -0.00 
 1.32, -0.00,  -0.00 
 1.16, -0.00,  -0.00 
 1.02, -0.00,  -0.00 
 0.90, -0.00,  -0.00 
 0.78, -0.00,  -0.00 
 0.69, -0.00,  -0.00 
 0.60, -0.00,  -0.00 
 0.52, -0.00,  -0.00 
 0.46, -0.00,  -0.00 
 0.40, -0.00,  -0.00 
 0.34, -0.00,  -0.00 
 0.30, -0.00,  -0.00 
 0.26, -0.00,  -0.00 
 0.22, -0.00,  -0.00 
 0.19, -0.00,  -0.00 
 0.17, -0.00,  -0.00 
 0.14, -0.00,  -0.00 
 0.12, -0.00,  -0.00 
 0.10, -0.00,  -0.00 
 0.09, -0.00,  -0.00 
 0.08, -0.00,  -0.00 
 0.06, -0.00,  -0.00 
 0.05, -0.00,  -0.00 
 0.05, -0.00,  -0.00 
 0.04, -0.00,  -0.00 
 0.03, -0.00,  -0.00 
 0.03, -0.00,  -0.00 
 0.02, -0.00,  -0.00 
 0.02, -0.00,  -0.00 
 0.01, -0.00,  -0.00 
 0.01, -0.00,  -0.00 
 0.01, -0.00,  -0.00 
 0.01, -0.00,  0.00 
 0.01, -0.00,  0.00 
 0.00, -0.00,  0.00 
 0.00, -0.00,  0.00 
 0.00, -0.00,  0.00 
 0.00, -0.00,  0.00 
 0.00, -0.00,  0.00 
 -0.00, -0.00,  0.00 
 -0.00, -0.00,  0.00 
 -0.00, -0.00,  0.00 
 -0.00, -0.00,  0.00 
 -0.00, -0.00,  0.00 
 -0.00, -0.00,  0.00 
 -0.00, -0.00,  0.00 
 -0.00, -0.00,  0.00 
 -0.00, -0.00,  0.00 
 -0.00, -0.00,  0.00 
 -0.00, -0.00,  0.00 
 -0.00, -0.00,  0.00 
 -0.00, -0.00,  0.00 
 -0.00, -0.00,  0.00 
 -0.00, -0.00,  0.00 
 -0.00, -0.00,  0.00 
 -0.00, -0.00,  0.00 
 -0.00, -0.00,  0.00 
 -0.00, -0.00,  0.00 
 -0.00, -0.00,  0.00 
 -0.00, -0.00,  0.00 
 -0.00, -0.00,  0.00 
 -0.00, -0.00,  0.00 
 -0.00, -0.00,  0.00 
 -0.00, -0.00,  0.00 
 -0.00, -0.00,  0.00 
 -0.00, -0.00,  0.00 
 -0.00, -0.00,  0.00 
 -0.00, -0.00,  0.00 
 -0.00, -0.00,  0.00 
 -0.00, -0.00,  0.00 
 -0.00, -0.00,  0.00 
 -0.00, -0.00,  0.00 
 -0.00, -0.00,  0.00 
 -0.00, -0.00,  0.00 
 -0.00, -0.00,  0.00 
 -0.00, -0.00,  0.00 
 -0.00, -0.00,  0.00 
 -0.00, -0.00,  0.00 
 -0.00, -0.00,  0.00 
 -0.00, -0.00,  0.00 
 -0.00, -0.00,  0.00 
 -0.00, -0.00,  0.00 
 -0.00, -0.00,  0.00 
 -0.00, -0.00,  0.00 
 -0.00, -0.00,  0.00 
 -0.00, -0.00,  0.00 
 -0.00, -0.00,  0.00 
 -0.00, -0.00,  0.00 
 -0.00, -0.00,  0.00 
 -0.00, -0.00,  0.00 
 -0.00, -0.00,  0.00 
 -0.00, -0.00,  0.00 
 -0.00, -0.00,  0.00 
 -0.00, -0.00,  0.00 
 -0.00, -0.00,  0.00 
 -0.00, -0.00,  0.00 
 -0.00, -0.00,  0.00 
 -0.00, -0.00,  0.00 
 -0.00, -0.00,  0.00 
 -0.00, -0.00,  0.00 
############################ 
Stabilization 
############################ 
cmd : 2.745, back to 0deg : 4.785
Time stabilization 
cmd : 0.745, back to 0deg : 0.785 
