 0.00, 0.00,  0.00 
 0.00, 0.00,  0.00 
 0.00, 0.00,  0.00 
 0.00, 0.00,  0.00 
 0.00, 0.00,  0.00 
 0.00, 0.00,  0.00 
 0.00, 0.00,  0.00 
 0.00, 0.00,  0.00 
 0.00, 0.00,  0.00 
 0.00, 0.00,  0.00 
 0.00, 0.00,  0.00 
 0.00, 0.00,  0.00 
 0.00, 0.00,  0.00 
 0.00, 0.00,  0.00 
 0.00, 0.00,  0.00 
 0.00, 0.00,  0.00 
 0.00, 0.00,  0.00 
 0.00, 0.00,  0.00 
 0.00, 0.00,  0.00 
 0.00, 0.00,  0.00 
 0.00, 0.00,  0.00 
 0.00, 0.00,  0.00 
 0.00, 0.00,  0.00 
 0.00, 0.00,  0.00 
 0.00, 0.00,  0.00 
 0.00, 0.00,  0.00 
 0.00, 0.00,  0.00 
 0.00, 0.00,  0.00 
 0.00, 0.00,  0.00 
 0.00, 0.00,  0.00 
 0.00, 0.00,  0.00 
 0.00, 0.00,  0.00 
 0.00, 0.00,  0.00 
 0.00, 0.00,  0.00 
 0.00, 0.00,  0.00 
 0.00, 0.00,  0.00 
 0.00, 0.00,  0.00 
 0.00, 0.00,  0.00 
 0.00, 0.00,  0.00 
 0.00, 0.00,  0.00 
 0.00, 0.00,  0.00 
 0.00, 0.00,  0.00 
 0.00, 0.00,  0.00 
 0.00, 0.00,  0.00 
 0.00, 0.00,  0.00 
 0.00, 0.00,  0.00 
 0.00, 0.00,  0.00 
 0.00, 0.00,  0.00 
 0.00, 0.00,  0.00 
 0.00, 0.00,  0.00 
 0.00, 0.00,  0.00 
 0.00, 0.00,  0.00 
 0.00, 0.00,  0.00 
 0.00, 0.00,  0.00 
 0.00, 0.00,  0.00 
 0.00, 0.00,  0.00 
 0.00, 0.00,  0.00 
 0.00, 0.00,  0.00 
 0.00, 0.00,  0.00 
 0.00, 0.00,  0.00 
 0.00, 0.00,  0.00 
 0.00, 0.00,  0.00 
 0.00, 0.00,  0.00 
 0.00, 0.00,  0.00 
 0.00, 0.00,  0.00 
 0.00, 0.00,  0.00 
 0.00, 0.00,  0.00 
 0.00, 0.00,  0.00 
 0.00, 0.00,  0.00 
 0.00, 0.00,  0.00 
 0.00, 0.00,  0.00 
 0.00, 0.00,  0.00 
 0.00, 0.00,  0.00 
 0.00, 0.00,  0.00 
 0.00, 0.00,  0.00 
 0.00, 0.00,  0.00 
 0.00, 0.00,  0.00 
 0.00, 0.00,  0.00 
 0.00, 0.00,  0.00 
 0.00, 0.00,  0.00 
 0.00, 0.00,  0.00 
 0.00, 0.00,  0.00 
 0.00, 0.00,  0.00 
 0.00, 0.00,  0.00 
 0.00, 0.00,  0.00 
 0.00, 0.00,  0.00 
 0.00, 0.00,  0.00 
 0.00, 0.00,  0.00 
 0.00, 0.00,  0.00 
 0.00, 0.00,  0.00 
 0.00, 0.00,  0.00 
 0.00, 0.00,  0.00 
 0.00, 0.00,  0.00 
 0.00, 0.00,  0.00 
 0.00, 0.00,  0.00 
 0.00, 0.00,  0.00 
 0.00, 0.00,  0.00 
 0.00, 0.00,  0.00 
 0.00, 0.00,  0.00 
 0.00, 0.00,  0.00 
 0.00, 0.00,  0.00 
 0.00, 0.00,  0.00 
 0.00, 0.00,  0.00 
 0.00, 0.00,  0.00 
 0.00, 0.00,  0.00 
 0.00, 0.00,  0.00 
 0.00, 0.00,  0.00 
 0.00, 0.00,  0.00 
 0.00, 0.00,  0.00 
 0.00, 0.00,  0.00 
 0.00, 0.00,  0.00 
 0.00, 0.00,  0.00 
 0.00, 0.00,  0.00 
 0.00, 0.00,  0.00 
 0.00, 0.00,  0.00 
 0.00, 0.00,  0.00 
 0.00, 0.00,  0.00 
 0.00, 0.00,  0.00 
 0.00, 0.00,  0.00 
 0.00, 0.00,  0.00 
 0.00, 0.00,  0.00 
 0.00, 0.00,  0.00 
 0.00, 0.00,  0.00 
 0.00, 0.00,  0.00 
 0.00, 0.00,  0.00 
 0.00, 0.00,  0.00 
 0.00, 0.00,  0.00 
 0.00, 0.00,  0.00 
 0.00, 0.00,  0.00 
 0.00, 0.00,  0.00 
 0.00, 0.00,  0.00 
 0.00, 0.00,  0.00 
 0.00, 0.00,  0.00 
 0.00, 0.00,  0.00 
 1.89, -0.00,  -0.00 
 3.89, -0.00,  -0.00 
 5.64, -0.01,  -0.00 
 7.10, -0.01,  -0.00 
 8.28, -0.01,  -0.00 
 9.24, -0.01,  -0.00 
 10.01, -0.01,  -0.00 
 10.61, -0.01,  -0.00 
 11.08, -0.00,  -0.00 
 11.43, -0.00,  -0.00 
 11.68, -0.00,  -0.00 
 11.86, -0.00,  -0.00 
 11.97, -0.00,  -0.00 
 12.04, -0.00,  -0.00 
 12.06, 0.00,  -0.00 
 12.04, 0.00,  -0.00 
 12.01, 0.00,  -0.00 
 11.95, 0.00,  -0.00 
 11.87, 0.00,  -0.00 
 11.79, 0.00,  -0.00 
 11.70, 0.00,  -0.00 
 11.61, 0.00,  -0.00 
 11.51, 0.00,  -0.00 
 11.41, 0.00,  -0.00 
 11.32, 0.00,  -0.00 
 11.22, 0.00,  -0.00 
 11.13, 0.00,  -0.00 
 11.05, 0.00,  -0.00 
 10.96, 0.00,  -0.00 
 10.88, 0.00,  -0.00 
 10.81, 0.00,  -0.00 
 10.74, 0.00,  -0.00 
 10.68, 0.00,  -0.00 
 10.62, 0.00,  -0.00 
 10.56, 0.00,  -0.00 
 10.51, 0.00,  -0.00 
 10.46, 0.00,  -0.00 
 10.42, 0.00,  -0.00 
 10.38, 0.00,  -0.00 
 10.34, 0.00,  -0.00 
 10.30, 0.00,  -0.00 
 10.27, 0.00,  -0.00 
 10.25, 0.00,  -0.00 
 10.22, 0.00,  -0.00 
 10.20, 0.00,  -0.00 
 10.18, 0.00,  -0.00 
 10.16, 0.00,  -0.00 
 10.14, 0.00,  -0.00 
 10.13, 0.00,  -0.00 
 10.11, 0.00,  -0.00 
 10.10, 0.00,  -0.00 
 10.09, 0.00,  -0.00 
 10.08, 0.00,  -0.00 
 10.07, 0.00,  -0.00 
 10.06, 0.00,  -0.00 
 10.05, 0.00,  -0.00 
 10.05, 0.00,  -0.00 
 10.04, 0.00,  -0.00 
 10.04, 0.00,  -0.00 
 10.03, 0.00,  -0.00 
 10.03, 0.00,  -0.00 
 10.03, 0.00,  -0.00 
 10.02, 0.00,  -0.00 
 10.02, 0.00,  -0.00 
 10.02, 0.00,  -0.00 
 10.01, 0.00,  -0.00 
 10.01, 0.00,  -0.00 
 10.01, 0.00,  -0.00 
 10.01, 0.00,  -0.00 
 10.01, 0.00,  -0.00 
 10.01, 0.00,  -0.00 
 10.01, 0.00,  -0.00 
 10.01, 0.00,  -0.00 
 10.00, 0.00,  -0.00 
 10.00, 0.00,  -0.00 
 10.00, 0.00,  -0.00 
 10.00, 0.00,  -0.00 
 10.00, 0.00,  -0.00 
 10.00, 0.00,  -0.00 
 10.00, 0.00,  -0.00 
 10.00, 0.00,  -0.00 
 10.00, 0.00,  -0.00 
 10.00, 0.00,  -0.00 
 10.00, 0.00,  -0.00 
 10.00, 0.00,  -0.00 
 10.00, 0.00,  -0.00 
 10.00, 0.00,  -0.00 
 10.00, 0.00,  -0.00 
 10.00, 0.00,  -0.00 
 10.00, 0.00,  -0.00 
 10.00, 0.00,  -0.00 
 10.00, 0.00,  -0.00 
 10.00, 0.00,  -0.00 
 10.00, 0.00,  -0.00 
 10.00, 0.00,  -0.00 
 10.00, 0.00,  -0.00 
 10.00, 0.00,  -0.00 
 10.00, 0.00,  -0.00 
 10.00, 0.00,  -0.00 
 10.00, 0.00,  -0.00 
 10.00, 0.00,  -0.00 
 10.00, 0.00,  -0.00 
 10.00, 0.00,  -0.00 
 10.00, 0.00,  -0.00 
 10.00, 0.00,  -0.00 
 10.00, 0.00,  -0.00 
 10.00, 0.00,  -0.00 
 10.00, 0.00,  -0.00 
 10.00, 0.00,  -0.00 
 10.00, 0.00,  -0.00 
 10.00, 0.00,  -0.00 
 10.00, 0.00,  -0.00 
 10.00, 0.00,  -0.00 
 10.00, 0.00,  -0.00 
 10.00, 0.00,  -0.00 
 10.00, 0.00,  -0.00 
 10.00, 0.00,  -0.00 
 10.00, 0.00,  -0.00 
 10.00, 0.00,  -0.00 
 10.00, 0.00,  -0.00 
 10.00, 0.00,  -0.00 
 10.00, 0.00,  -0.00 
 10.00, 0.00,  -0.00 
 10.00, 0.00,  -0.00 
 10.00, 0.00,  -0.00 
 10.00, 0.00,  -0.00 
 10.00, 0.00,  -0.00 
 10.00, 0.00,  -0.00 
 10.00, 0.00,  -0.00 
 10.00, 0.00,  -0.00 
 10.00, 0.00,  -0.00 
 10.00, 0.00,  -0.00 
 10.00, 0.00,  -0.00 
 8.10, 0.00,  -0.00 
 6.10, 0.00,  -0.00 
 4.34, 0.01,  -0.00 
 2.88, 0.01,  -0.00 
 1.69, 0.01,  -0.00 
 0.73, 0.01,  -0.00 
 -0.04, 0.01,  0.00 
 -0.64, 0.01,  0.00 
 -1.10, 0.00,  0.00 
 -1.45, 0.00,  0.00 
 -1.71, 0.00,  0.00 
 -1.88, 0.00,  0.00 
 -2.00, 0.00,  0.00 
 -2.06, 0.00,  0.00 
 -2.08, -0.00,  0.00 
 -2.06, -0.00,  0.00 
 -2.02, -0.00,  0.00 
 -1.96, -0.00,  0.00 
 -1.89, -0.00,  0.00 
 -1.81, -0.00,  0.00 
 -1.72, -0.00,  0.00 
 -1.62, -0.00,  0.00 
 -1.52, -0.00,  0.00 
 -1.42, -0.00,  0.00 
 -1.33, -0.00,  0.00 
 -1.23, -0.00,  0.00 
 -1.14, -0.00,  0.00 
 -1.05, -0.00,  0.00 
 -0.97, -0.00,  0.00 
 -0.89, -0.00,  0.00 
 -0.82, -0.00,  0.00 
 -0.75, -0.00,  0.00 
 -0.68, -0.00,  0.00 
 -0.62, -0.00,  0.00 
 -0.56, -0.00,  0.00 
 -0.51, -0.00,  0.00 
 -0.46, -0.00,  0.00 
 -0.42, -0.00,  0.00 
 -0.38, -0.00,  0.00 
 -0.34, -0.00,  0.00 
 -0.31, -0.00,  0.00 
 -0.28, -0.00,  0.00 
 -0.25, -0.00,  0.00 
 -0.22, -0.00,  0.00 
 -0.20, -0.00,  0.00 
 -0.18, -0.00,  0.00 
 -0.16, -0.00,  0.00 
 -0.14, -0.00,  0.00 
 -0.13, -0.00,  0.00 
 -0.11, -0.00,  0.00 
 -0.10, -0.00,  0.00 
 -0.09, -0.00,  0.00 
 -0.08, -0.00,  0.00 
 -0.07, -0.00,  0.00 
 -0.06, -0.00,  0.00 
 -0.05, -0.00,  0.00 
 -0.05, -0.00,  0.00 
 -0.04, -0.00,  0.00 
 -0.04, -0.00,  0.00 
 -0.03, -0.00,  0.00 
 -0.03, -0.00,  0.00 
 -0.03, -0.00,  0.00 
 -0.02, -0.00,  0.00 
 -0.02, -0.00,  0.00 
 -0.02, -0.00,  0.00 
 -0.01, -0.00,  0.00 
 -0.01, -0.00,  0.00 
 -0.01, -0.00,  0.00 
 -0.01, -0.00,  0.00 
 -0.01, -0.00,  0.00 
 -0.01, -0.00,  0.00 
 -0.01, -0.00,  0.00 
 -0.01, -0.00,  0.00 
 -0.00, -0.00,  0.00 
 -0.00, -0.00,  0.00 
 -0.00, -0.00,  0.00 
 -0.00, -0.00,  0.00 
 -0.00, -0.00,  0.00 
 -0.00, -0.00,  0.00 
 -0.00, -0.00,  0.00 
 -0.00, -0.00,  0.00 
 -0.00, -0.00,  0.00 
 -0.00, -0.00,  0.00 
 -0.00, -0.00,  0.00 
 -0.00, -0.00,  0.00 
 -0.00, -0.00,  0.00 
 -0.00, -0.00,  0.00 
 -0.00, -0.00,  0.00 
 -0.00, -0.00,  0.00 
 -0.00, -0.00,  0.00 
 -0.00, -0.00,  0.00 
 -0.00, -0.00,  0.00 
 -0.00, -0.00,  0.00 
 -0.00, -0.00,  0.00 
 0.00, -0.00,  0.00 
 0.00, -0.00,  0.00 
 0.00, -0.00,  0.00 
 0.00, -0.00,  0.00 
 0.00, -0.00,  0.00 
 0.00, -0.00,  0.00 
 0.00, -0.00,  -0.00 
 0.00, -0.00,  -0.00 
 0.00, -0.00,  -0.00 
 0.00, -0.00,  -0.00 
 0.00, -0.00,  -0.00 
 0.00, -0.00,  -0.00 
 0.00, -0.00,  -0.00 
 0.00, -0.00,  -0.00 
 0.00, -0.00,  -0.00 
 0.00, -0.00,  -0.00 
 0.00, -0.00,  -0.00 
 0.00, -0.00,  -0.00 
 0.00, -0.00,  -0.00 
 0.00, -0.00,  -0.00 
 0.00, -0.00,  -0.00 
 0.00, -0.00,  -0.00 
 0.00, -0.00,  -0.00 
 0.00, -0.00,  -0.00 
 0.00, -0.00,  -0.00 
 0.00, -0.00,  -0.00 
 0.00, -0.00,  -0.00 
 0.00, -0.00,  -0.00 
 0.00, -0.00,  -0.00 
 0.00, -0.00,  -0.00 
 0.00, -0.00,  -0.00 
 0.00, -0.00,  -0.00 
 0.00, -0.00,  -0.00 
 0.00, -0.00,  -0.00 
 0.00, -0.00,  -0.00 
 0.00, -0.00,  -0.00 
 0.00, -0.00,  -0.00 
 0.00, -0.00,  -0.00 
 0.00, -0.00,  -0.00 
############################ 
Stabilization 
############################ 
cmd : 2.76, back to 0deg : 4.755
Time stabilization 
cmd : 0.760, back to 0deg : 0.755 
