[0.41791222 0.02302159 0.09006503 

0.20786071 0.20514882 0.06909585
 0.92536784 
 
 0.08400934 0.19992316]

 roulis
 Kp optimal = 1.0623
Ki optimal = 0.3404
Kd optimal = 0.7151

[0.2516128  0.91287775 0.05061698
 0.13626217 0.09146669 0.06732434
 0.9991165  
 0.09435317 0.08793206][2.43645167 0.64845083 0.72767396 0.09036539 0.09039222 0.05968925
 0.0968886  0.09746896]
 
 
 [0.15681563 0.38833467 0.02945666
 0.10625347 0.11040194 0.08253291
 0.08261038 0.10448126]
 
 [3.06344614 0.         0.07482372 
 0.08       0.11101291 0.04208411
 0.13441858 0.10005856]
 
 [0.2138368  0.7625279  0.03757093 0.12112806 0.08041055 0.08507451
 0.08375795 0.10931067]
 
 [0.33644784 0.00273889 0.35099671 0.13695531 0.09999907 0.08671532
 0.09585467 0.09253616]


  x = [1.49777239 0.30323324 0.023925  
   0.08487205 0.07479021 0.09204365
 0.09146912 0.10394334]


 [2.84527415 0.18265867 0.04060519
  0.09280959 0.09586977 0.09277935
 0.09546648 0.09293052], tps = 4.79s,

 x = [4.37274459 0.23640114 0.07577104
  0.13348314 0.10681354 0.09351382
 0.1388413  0.09488815], tps = 1.97s, cout = 2.43


 [0.20935846 0.77272535 0.0449291  0.09889873 0.08793403 0.0534536
 0.12930313 0.0815838 ], cout = 92.25046251503306

 x = [0.25706289 0.21090323 0.03171983 
 0.08       0.10182766 0.04
 0.14       0.10081065], cout = 62.5822581511828


 solution : [0.3936497  0.         0.03388696 0.14       0.10587303]

 tangage : solution : [1.49688032e+03 1.00000000e-02 4.68476324e+01]
 roulis : solution : [2.5000000e+03 1.0000000e-02 9.9814911e+01]
 altitude : [6.51000205e+03 4.45073717e+02 1.00000000e-02]
 altitude 2 : 4.98980340e+01 8.24779880e-03 1.34603797e+00
 [9077.74464587  188.0388278  1786.8810261 ]