 0.00, 0.00,  0.00 
 0.00, 0.00,  0.00 
 0.00, 0.00,  0.00 
 0.00, 0.00,  0.00 
 0.00, 0.00,  0.00 
 0.00, 0.00,  0.00 
 0.00, 0.00,  0.00 
 0.00, 0.00,  0.00 
 0.00, 0.00,  0.00 
 0.00, 0.00,  0.00 
 0.00, 0.00,  0.00 
 0.00, 0.00,  0.00 
 0.00, 0.00,  0.00 
 0.00, 0.00,  0.00 
 0.00, 0.00,  0.00 
 0.00, 0.00,  0.00 
 0.00, 0.00,  0.00 
 0.00, 0.00,  0.00 
 0.00, 0.00,  0.00 
 0.00, 0.00,  0.00 
 0.00, 0.00,  0.00 
 0.00, 0.00,  0.00 
 0.00, 0.00,  0.00 
 0.00, 0.00,  0.00 
 0.00, 0.00,  0.00 
 0.00, 0.00,  0.00 
 0.00, 0.00,  0.00 
 0.00, 0.00,  0.00 
 0.00, 0.00,  0.00 
 0.00, 0.00,  0.00 
 0.00, 0.00,  0.00 
 0.00, 0.00,  0.00 
 0.00, 0.00,  0.00 
 0.00, 0.00,  0.00 
 0.00, 0.00,  0.00 
 0.00, 0.00,  0.00 
 0.00, 0.00,  0.00 
 0.00, 0.00,  0.00 
 0.00, 0.00,  0.00 
 0.00, 0.00,  0.00 
 0.00, 0.00,  0.00 
 0.00, 0.00,  0.00 
 0.00, 0.00,  0.00 
 0.00, 0.00,  0.00 
 0.00, 0.00,  0.00 
 0.00, 0.00,  0.00 
 0.00, 0.00,  0.00 
 0.00, 0.00,  0.00 
 0.00, 0.00,  0.00 
 0.00, 0.00,  0.00 
 0.00, 0.00,  0.00 
 0.00, 0.00,  0.00 
 0.00, 0.00,  0.00 
 0.00, 0.00,  0.00 
 0.00, 0.00,  0.00 
 0.00, 0.00,  0.00 
 0.00, 0.00,  0.00 
 0.00, 0.00,  0.00 
 0.00, 0.00,  0.00 
 0.00, 0.00,  0.00 
 0.00, 0.00,  0.00 
 0.00, 0.00,  0.00 
 0.00, 0.00,  0.00 
 0.00, 0.00,  0.00 
 0.00, 0.00,  0.00 
 0.00, 0.00,  0.00 
 0.00, 0.00,  0.00 
 0.00, 0.00,  0.00 
 0.00, 0.00,  0.00 
 0.00, 0.00,  0.00 
 0.00, 0.00,  0.00 
 0.00, 0.00,  0.00 
 0.00, 0.00,  0.00 
 0.00, 0.00,  0.00 
 0.00, 0.00,  0.00 
 0.00, 0.00,  0.00 
 0.00, 0.00,  0.00 
 0.00, 0.00,  0.00 
 0.00, 0.00,  0.00 
 0.00, 0.00,  0.00 
 0.00, 0.00,  0.00 
 0.00, 0.00,  0.00 
 0.00, 0.00,  0.00 
 0.00, 0.00,  0.00 
 0.00, 0.00,  0.00 
 0.00, 0.00,  0.00 
 0.00, 0.00,  0.00 
 0.00, 0.00,  0.00 
 0.00, 0.00,  0.00 
 0.00, 0.00,  0.00 
 0.00, 0.00,  0.00 
 0.00, 0.00,  0.00 
 0.00, 0.00,  0.00 
 0.00, 0.00,  0.00 
 0.00, 0.00,  0.00 
 0.00, 0.00,  0.00 
 0.00, 0.00,  0.00 
 0.00, 0.00,  0.00 
 0.00, 0.00,  0.00 
 0.00, 0.00,  0.00 
 0.00, 0.00,  0.00 
 0.00, 0.00,  0.00 
 0.00, 0.00,  0.00 
 0.00, 0.00,  0.00 
 0.00, 0.00,  0.00 
 0.00, 0.00,  0.00 
 0.00, 0.00,  0.00 
 0.00, 0.00,  0.00 
 0.00, 0.00,  0.00 
 0.00, 0.00,  0.00 
 0.00, 0.00,  0.00 
 0.00, 0.00,  0.00 
 0.00, 0.00,  0.00 
 0.00, 0.00,  0.00 
 0.00, 0.00,  0.00 
 0.00, 0.00,  0.00 
 0.00, 0.00,  0.00 
 0.00, 0.00,  0.00 
 0.00, 0.00,  0.00 
 0.00, 0.00,  0.00 
 0.00, 0.00,  0.00 
 0.00, 0.00,  0.00 
 0.00, 0.00,  0.00 
 0.00, 0.00,  0.00 
 0.00, 0.00,  0.00 
 0.00, 0.00,  0.00 
 0.00, 0.00,  0.00 
 0.00, 0.00,  0.00 
 0.00, 0.00,  0.00 
 0.00, 0.00,  0.00 
 0.00, 0.00,  0.00 
 0.00, 0.00,  0.00 
 0.00, 0.00,  0.00 
 0.00, 0.00,  0.00 
 2.47, -0.00,  -0.00 
 5.27, -0.01,  -0.00 
 7.92, -0.01,  -0.00 
 10.33, -0.01,  -0.00 
 12.51, -0.01,  -0.00 
 14.47, -0.01,  -0.00 
 16.22, -0.01,  -0.00 
 17.79, -0.01,  -0.00 
 19.20, -0.01,  -0.00 
 20.45, -0.01,  -0.00 
 21.57, -0.01,  -0.00 
 22.57, -0.01,  -0.00 
 23.46, -0.01,  -0.00 
 24.25, -0.00,  -0.00 
 24.95, -0.00,  -0.00 
 25.57, -0.00,  -0.00 
 26.12, -0.00,  -0.00 
 26.61, -0.00,  -0.00 
 27.04, -0.00,  -0.00 
 27.42, 0.00,  -0.00 
 27.76, 0.00,  -0.00 
 28.05, 0.00,  -0.00 
 28.31, 0.00,  -0.00 
 28.54, 0.00,  -0.00 
 28.74, 0.00,  -0.00 
 28.91, 0.00,  -0.00 
 29.07, 0.00,  -0.00 
 29.20, 0.00,  -0.00 
 29.32, 0.00,  -0.00 
 29.42, 0.00,  -0.00 
 29.51, 0.00,  -0.00 
 29.58, 0.00,  -0.00 
 29.65, 0.00,  -0.00 
 29.71, 0.00,  -0.00 
 29.76, 0.00,  -0.00 
 29.80, 0.00,  -0.00 
 29.84, 0.00,  -0.00 
 29.87, 0.00,  -0.00 
 29.90, 0.00,  -0.00 
 29.92, 0.00,  -0.00 
 29.94, 0.00,  -0.00 
 29.96, 0.00,  -0.00 
 29.97, 0.00,  -0.00 
 29.98, 0.00,  -0.00 
 29.99, 0.00,  -0.00 
 30.00, 0.00,  -0.00 
 30.01, 0.00,  -0.00 
 30.01, 0.00,  -0.00 
 30.02, 0.00,  -0.00 
 30.02, 0.00,  -0.00 
 30.03, 0.00,  -0.00 
 30.03, 0.00,  -0.00 
 30.03, 0.00,  -0.00 
 30.03, 0.00,  -0.00 
 30.03, 0.00,  -0.00 
 30.03, 0.00,  -0.00 
 30.03, 0.00,  -0.00 
 30.04, 0.00,  -0.00 
 30.04, 0.00,  -0.00 
 30.04, 0.00,  -0.00 
 30.04, 0.00,  -0.00 
 30.04, 0.00,  -0.00 
 30.04, 0.00,  -0.00 
 30.04, 0.00,  -0.00 
 30.04, 0.00,  -0.00 
 30.03, 0.00,  -0.00 
 30.03, 0.00,  -0.00 
 30.03, 0.00,  -0.00 
 30.03, 0.00,  -0.00 
 30.03, 0.00,  -0.00 
 30.03, 0.00,  -0.00 
 30.03, 0.00,  -0.00 
 30.03, 0.00,  -0.00 
 30.03, 0.00,  -0.00 
 30.03, 0.00,  -0.00 
 30.03, 0.00,  -0.00 
 30.03, 0.00,  -0.00 
 30.03, 0.00,  -0.00 
 30.03, 0.00,  -0.00 
 30.03, 0.00,  -0.00 
 30.03, 0.00,  -0.00 
 30.03, 0.00,  -0.00 
 30.03, 0.00,  -0.00 
 30.03, 0.00,  -0.00 
 30.03, 0.00,  -0.00 
 30.03, 0.00,  -0.00 
 30.03, 0.00,  -0.00 
 30.03, 0.00,  -0.00 
 30.03, 0.00,  -0.00 
 30.03, 0.00,  -0.00 
 30.03, 0.00,  -0.00 
 30.03, 0.00,  -0.00 
 30.03, 0.00,  -0.00 
 30.03, 0.00,  -0.00 
 30.03, 0.00,  -0.00 
 30.03, 0.00,  -0.00 
 30.03, 0.00,  -0.00 
 30.03, 0.00,  -0.00 
 30.03, 0.00,  -0.00 
 30.03, 0.00,  -0.00 
 30.03, 0.00,  -0.00 
 30.03, 0.00,  -0.00 
 30.03, 0.00,  -0.00 
 30.03, 0.00,  -0.00 
 30.03, 0.00,  -0.00 
 30.03, 0.00,  -0.00 
 30.03, 0.00,  -0.00 
 30.03, 0.00,  -0.00 
 30.03, 0.00,  -0.00 
 30.03, 0.00,  -0.00 
 30.03, 0.00,  -0.00 
 30.03, 0.00,  -0.00 
 30.03, 0.00,  -0.00 
 30.03, 0.00,  -0.00 
 30.03, 0.00,  -0.00 
 30.03, 0.00,  -0.00 
 30.03, 0.00,  -0.00 
 30.03, 0.00,  -0.00 
 30.03, 0.00,  -0.00 
 30.03, 0.00,  -0.00 
 30.03, 0.00,  -0.00 
 30.03, 0.00,  -0.00 
 30.03, 0.00,  -0.00 
 30.03, 0.00,  -0.00 
 30.03, 0.00,  -0.00 
 30.03, 0.00,  -0.00 
 30.03, 0.00,  -0.00 
 30.03, 0.00,  -0.00 
 30.03, 0.00,  -0.00 
 30.03, 0.00,  -0.00 
 30.03, 0.00,  -0.00 
 30.03, 0.00,  -0.00 
 30.03, 0.00,  -0.00 
 27.56, 0.00,  -0.00 
 24.76, 0.01,  -0.00 
 22.11, 0.01,  -0.00 
 19.70, 0.01,  -0.00 
 17.52, 0.01,  -0.00 
 15.56, 0.01,  -0.00 
 13.81, 0.01,  -0.00 
 12.24, 0.01,  -0.00 
 10.83, 0.01,  -0.00 
 9.57, 0.01,  -0.00 
 8.45, 0.01,  -0.00 
 7.46, 0.01,  -0.00 
 6.57, 0.01,  -0.00 
 5.78, 0.00,  -0.00 
 5.08, 0.00,  -0.00 
 4.46, 0.00,  -0.00 
 3.91, 0.00,  -0.00 
 3.42, 0.00,  -0.00 
 2.99, 0.00,  -0.00 
 2.61, -0.00,  -0.00 
 2.27, -0.00,  -0.00 
 1.98, -0.00,  -0.00 
 1.72, -0.00,  -0.00 
 1.49, -0.00,  -0.00 
 1.29, -0.00,  -0.00 
 1.12, -0.00,  -0.00 
 0.96, -0.00,  -0.00 
 0.83, -0.00,  -0.00 
 0.71, -0.00,  -0.00 
 0.61, -0.00,  -0.00 
 0.52, -0.00,  -0.00 
 0.45, -0.00,  -0.00 
 0.38, -0.00,  -0.00 
 0.32, -0.00,  -0.00 
 0.27, -0.00,  -0.00 
 0.23, -0.00,  -0.00 
 0.19, -0.00,  -0.00 
 0.16, -0.00,  -0.00 
 0.13, -0.00,  -0.00 
 0.11, -0.00,  -0.00 
 0.09, -0.00,  -0.00 
 0.07, -0.00,  -0.00 
 0.06, -0.00,  -0.00 
 0.05, -0.00,  -0.00 
 0.04, -0.00,  -0.00 
 0.03, -0.00,  -0.00 
 0.02, -0.00,  -0.00 
 0.02, -0.00,  -0.00 
 0.01, -0.00,  -0.00 
 0.01, -0.00,  0.00 
 0.00, -0.00,  0.00 
 0.00, -0.00,  0.00 
 -0.00, -0.00,  0.00 
 -0.00, -0.00,  0.00 
 -0.00, -0.00,  0.00 
 -0.00, -0.00,  0.00 
 -0.01, -0.00,  0.00 
 -0.01, -0.00,  0.00 
 -0.01, -0.00,  0.00 
 -0.01, -0.00,  0.00 
 -0.01, -0.00,  0.00 
 -0.01, -0.00,  0.00 
 -0.01, -0.00,  0.00 
 -0.01, -0.00,  0.00 
 -0.01, -0.00,  0.00 
 -0.01, -0.00,  0.00 
 -0.01, -0.00,  0.00 
 -0.00, -0.00,  0.00 
 -0.00, -0.00,  0.00 
 -0.00, -0.00,  0.00 
 -0.00, -0.00,  0.00 
 -0.00, -0.00,  0.00 
 -0.00, -0.00,  0.00 
 -0.00, -0.00,  0.00 
 -0.00, -0.00,  0.00 
 -0.00, -0.00,  0.00 
 -0.00, -0.00,  0.00 
 -0.00, -0.00,  0.00 
 -0.00, -0.00,  0.00 
 -0.00, -0.00,  0.00 
 -0.00, -0.00,  0.00 
 -0.00, -0.00,  0.00 
 -0.00, -0.00,  0.00 
 -0.00, -0.00,  0.00 
 -0.00, -0.00,  0.00 
 -0.00, -0.00,  0.00 
 -0.00, -0.00,  0.00 
 -0.00, -0.00,  0.00 
 -0.00, -0.00,  0.00 
 -0.00, -0.00,  0.00 
 -0.00, -0.00,  0.00 
 -0.00, -0.00,  0.00 
 -0.00, -0.00,  0.00 
 -0.00, -0.00,  0.00 
 -0.00, -0.00,  0.00 
 -0.00, -0.00,  0.00 
 -0.00, -0.00,  0.00 
 -0.00, -0.00,  0.00 
 -0.00, -0.00,  0.00 
 -0.00, -0.00,  0.00 
 -0.00, -0.00,  0.00 
 -0.00, -0.00,  0.00 
 -0.00, -0.00,  0.00 
 -0.00, -0.00,  0.00 
 -0.00, -0.00,  0.00 
 -0.00, -0.00,  0.00 
 -0.00, -0.00,  0.00 
 -0.00, -0.00,  0.00 
 -0.00, -0.00,  0.00 
 -0.00, -0.00,  0.00 
 -0.00, -0.00,  0.00 
 -0.00, -0.00,  0.00 
 -0.00, -0.00,  0.00 
 -0.00, -0.00,  0.00 
 -0.00, -0.00,  0.00 
 -0.00, -0.00,  0.00 
 -0.00, -0.00,  0.00 
 -0.00, -0.00,  0.00 
 -0.00, -0.00,  0.00 
 -0.00, -0.00,  0.00 
 -0.00, -0.00,  0.00 
 -0.00, -0.00,  0.00 
 -0.00, -0.00,  0.00 
 -0.00, -0.00,  0.00 
 -0.00, -0.00,  0.00 
 -0.00, -0.00,  0.00 
 -0.00, -0.00,  0.00 
 -0.00, -0.00,  0.00 
 -0.00, -0.00,  0.00 
 -0.00, -0.00,  0.00 
 -0.00, -0.00,  0.00 
 -0.00, -0.00,  0.00 
 -0.00, -0.00,  0.00 
############################ 
Stabilization 
############################ 
cmd : 2.5949999999999998, back to 0deg : 4.6049999999999995
Time stabilization 
cmd : 0.595, back to 0deg : 0.605 
